10192
10192
10192
10192
10192
10184
10184
10184
10184
10184
10184
10184
10168
10168
10168
10168
10168
10168
10168
10168
10124
10124
10124
10124
10124
10124
10124
9984
9984
9984
9984
9984
9984
9984
9888
9888
9888
9888
9888
9888
9888
9888
9936
9936
9936
9936
9936
9936
9936
9784
9784
9784
9784
9784
9784
9784
9784
9724
9724
9724
9724
9724
9724
9724
9732
9732
9732
9732
9732
9732
9732
9732
9624
9624
9624
9624
9624
9624
9624
9480
9480
9480
9480
9480
9480
9480
9512
9512
9512
9512
9512
9512
9512
9512
9472
9472
9472
9472
9472
9472
9472
9368
9368
9368
9368
9368
9368
9368
9368
9412
9412
9412
9412
9412
9412
9412
9188
9188
9188
9188
9188
9188
9188
9188
8996
8996
8996
8996
8996
8996
8996
8928
8928
8928
8928
8928
8928
8928
8844
8844
8844
8844
8844
8844
8844
8844
8724
8724
8724
8724
8724
8724
8724
8380
8380
8380
8380
8380
8380
8380
8380
8132
8132
8132
8132
8132
8132
8132
8076
8076
8076
8076
8076
8076
8076
8112
8112
8112
8112
8112
8112
8112
8112
7968
7968
7968
7968
7968
7968
7968
7904
7904
7904
7904
7904
7904
7904
7904
7628
7628
7628
7628
7628
7628
7628
7660
7660
7660
7660
7660
7660
7660
7660
7736
7736
7736
7736
7736
7736
7736
7712
7712
7712
7712
7712
7712
7712
7720
7720
7720
7720
7720
7720
7720
7720
7608
7608
7608
7608
7608
7608
7608
7528
7528
7528
7528
7528
7528
7528
7528
7492
7492
7492
7492
7492
7492
7492
7468
7468
7468
7468
7468
7468
7468
7468
7504
7504
7504
7504
7504
7504
7504
7372
7372
7372
7372
7372
7372
7372
7252
7252
7252
7252
7252
7252
7252
7252
7116
7116
7116
7116
7116
7116
7116
6992
6992
6992
6992
6992
6992
6992
6992
6896
6896
6896
6896
6896
6896
6896
6768
6768
6768
6768
6768
6768
6768
6768
6668
6668
6668
6668
6668
6668
6668
6820
6820
6820
6820
6820
6820
6820
6588
6588
6588
6588
6588
6588
6588
6588
6576
6576
6576
6576
6576
6576
6576
6692
6692
6692
6692
6692
6692
6692
6692
6664
6664
6664
6664
6664
6664
6664
6528
6528
6528
6528
6528
6528
6528
6508
6508
6508
6508
6508
6508
6508
6508
6476
6476
6476
6476
6476
6476
6476
6668
6668
6668
6668
6668
6668
6668
6668
6620
6620
6620
6620
6620
6620
6620
6428
6428
6428
6428
6428
6428
6428
6428
6596
6596
6596
6596
6596
6596
6596
6676
6676
6676
6676
6676
6676
6676
6428
6428
6428
6428
6428
6428
6428
6428
6488
6488
6488
6488
6488
6488
6488
6656
6656
6656
6656
6656
6656
6656
6656
6668
6668
6668
6668
6668
6668
6668
6624
6624
6624
6624
6624
6624
6624
6624
6564
6564
6564
6564
6564
6564
6564
6388
6388
6388
6388
6388
6388
6388
6448
6448
6448
6448
6448
6448
6448
6448
6684
6684
6684
6684
6684
6684
6684
6716
6716
6716
6716
6716
6716
6716
6716
6604
6604
6604
6604
6604
6604
6604
6728
6728
6728
6728
6728
6728
6728
6728
6740
6740
6740
6740
6740
6740
6740
6848
6848
6848
6848
6848
6848
6848
6984
6984
6984
6984
6984
6984
6984
6984
7036
7036
7036
7036
7036
7036
7036
7060
7060
7060
7060
7060
7060
7060
7060
6984
6984
6984
6984
6984
6984
6984
7116
7116
7116
7116
7116
7116
7116
7116
7148
7148
7148
7148
7148
7148
7148
7148
7148
7148
7148
7148
7148
7148
7268
7268
7268
7268
7268
7268
7268
7268
7128
7128
7128
7128
7128
7128
7128
7008
7008
7008
7008
7008
7008
7008
7008
7004
7004
7004
7004
7004
7004
7004
6940
6940
6940
6940
6940
6940
6940
6960
6960
6960
6960
6960
6960
6960
6960
6888
6888
6888
6888
6888
6888
6888
6948
6948
6948
6948
6948
6948
6948
6948
6980
6980
6980
6980
6980
6980
6980
6876
6876
6876
6876
6876
6876
6876
6876
6876
6876
6876
6876
6876
6876
6876
6908
6908
6908
6908
6908
6908
6908
6956
6956
6956
6956
6956
6956
6956
6956
7008
7008
7008
7008
7008
7008
7008
6924
6924
6924
6924
6924
6924
6924
6924
6868
6868
6868
6868
6868
6868
6868
6940
6940
6940
6940
6940
6940
6940
6940
6992
6992
6992
6992
6992
6992
6992
6912
6912
6912
6912
6912
6912
6912
6860
6860
6860
6860
6860
6860
6860
6860
6832
6832
6832
6832
6832
6832
6832
6828
6828
6828
6828
6828
6828
6828
6828
6920
6920
6920
6920
6920
6920
6920
6824
6824
6824
6824
6824
6824
6824
6824
6804
6804
6804
6804
6804
6804
6804
6736
6736
6736
6736
6736
6736
6736
6588
6588
6588
6588
6588
6588
6588
6588
6584
6584
6584
6584
6584
6584
6584
6640
6640
6640
6640
6640
6640
6640
6640
6824
6824
6824
6824
6824
6824
6824
6764
6764
6764
6764
6764
6764
6764
6764
6840
6840
6840
6840
6840
6840
6840
6900
6900
6900
6900
6900
6900
6900
6828
6828
6828
6828
6828
6828
6828
6828
6884
6884
6884
6884
6884
6884
6884
6828
6828
6828
6828
6828
6828
6828
6828
7052
7052
7052
7052
7052
7052
7052
7048
7048
7048
7048
7048
7048
7048
7056
7056
7056
7056
7056
7056
7056
7056
7216
7216
7216
7216
7216
7216
7216
7228
7228
7228
7228
7228
7228
7228
7228
7244
7244
7244
7244
7244
7244
7244
7364
7364
7364
7364
7364
7364
7364
7364
7404
7404
7404
7404
7404
7404
7404
7564
7564
7564
7564
7564
7564
7564
7532
7532
7532
7532
7532
7532
7532
7532
7748
7748
7748
7748
7748
7748
7748
7916
7916
7916
7916
7916
7916
7916
7916
7932
7932
7932
7932
7932
7932
7932
8116
8116
8116
8116
8116
8116
8116
8116
8232
8232
8232
8232
8232
8232
8232
8408
8408
8408
8408
8408
8408
8408
8508
8508
8508
8508
8508
8508
8508
8508
8772
8772
8772
8772
8772
8772
8772
8820
8820
8820
8820
8820
8820
8820
8820
8804
8804
8804
8804
8804
8804
8804
9080
9080
9080
9080
9080
9080
9080
9080
9284
9284
9284
9284
9284
9284
9284
9260
9260
9260
9260
9260
9260
9260
9308
9308
9308
9308
9308
9308
9308
9308
9424
9424
9424
9424
9424
9424
9424
9616
9616
9616
9616
9616
9616
9616
9616
9692
9692
9692
9692
9692
9692
9692
9768
9768
9768
9768
9768
9768
9768
9768
9948
9948
9948
9948
9948
9948
9948
10216
10216
10216
10216
10216
10216
10216
10232
10232
10232
10232
10232
10232
10232
10232
10356
10356
10356
10356
10356
10356
10356
10524
10524
10524
10524
10524
10524
10524
10524
10604
10604
10604
10604
10604
10604
10604
10672
10672
10672
10672
10672
10672
10672
10612
10612
10612
10612
10612
10612
10612
10612
10808
10808
10808
10808
10808
10808
10808
10956
10956
10956
10956
10956
10956
10956
10956
11008
11008
11008
11008
11008
11008
11008
10988
10988
10988
10988
10988
10988
10988
10988
11140
11140
11140
11140
11140
11140
11140
11192
11192
11192
11192
11192
11192
11192
11308
11308
11308
11308
11308
11308
11308
11308
11436
11436
11436
11436
11436
11436
11436
11384
11384
11384
11384
11384
11384
11384
11384
11372
11372
11372
11372
11372
11372
11372
11312
11312
11312
11312
11312
11312
11312
11312
11392
11392
11392
11392
11392
11392
11392
11464
11464
11464
11464
11464
11464
11464
11516
11516
11516
11516
11516
11516
11516
11516
11332
11332
11332
11332
11332
11332
11332
11368
11368
11368
11368
11368
11368
11368
11368
11208
11208
11208
11208
11208
11208
11208
11212
11212
11212
11212
11212
11212
11212
11212
11084
11084
11084
11084
11084
11084
11084
11192
11192
11192
11192
11192
11192
11192
11292
11292
11292
11292
11292
11292
11292
11292
11172
11172
11172
11172
11172
11172
11172
11292
11292
11292
11292
11292
11292
11292
11292
11312
11312
11312
11312
11312
11312
11312
11304
11304
11304
11304
11304
11304
11304
11304
11468
11468
11468
11468
11468
11468
11468
11360
11360
11360
11360
11360
11360
11360
11364
11364
11364
11364
11364
11364
11364
11364
11480
11480
11480
11480
11480
11480
11480
11472
11472
11472
11472
11472
11472
11472
11472
11588
11588
11588
11588
11588
11588
11588
11552
11552
11552
11552
11552
11552
11552
11656
11656
11656
11656
11656
11656
11656
11656
11760
11760
11760
11760
11760
11760
11760
11872
11872
11872
11872
11872
11872
11872
11872
11948
11948
11948
11948
11948
11948
11948
12040
12040
12040
12040
12040
12040
12040
12040
12132
12132
12132
12132
12132
12132
12132
12224
12224
12224
12224
12224
12224
12224
12208
12208
12208
12208
12208
12208
12208
12208
12412
12412
12412
12412
12412
12412
12412
12516
12516
12516
12516
12516
12516
12516
12516
12588
12588
12588
12588
12588
12588
12588
12584
12584
12584
12584
12584
12584
12584
12584
12688
12688
12688
12688
12688
12688
12688
12888
12888
12888
12888
12888
12888
12888
13116
13116
13116
13116
13116
13116
13116
13116
13408
13408
13408
13408
13408
13408
13408
13644
13644
13644
13644
13644
13644
13644
13644
13908
13908
13908
13908
13908
13908
13908
14184
14184
14184
14184
14184
14184
14184
14184
14536
14536
14536
14536
14536
14536
14536
14776
14776
14776
14776
14776
14776
14776
15032
15032
15032
15032
15032
15032
15032
15032
15356
15356
15356
15356
15356
15356
15356
15476
15476
15476
15476
15476
15476
15476
15476
15740
15740
15740
15740
15740
15740
15740
15884
15884
15884
15884
15884
15884
15884
15884
16092
16092
16092
16092
16092
16092
16092
16284
16284
16284
16284
16284
16284
16284
16720
16720
16720
16720
16720
16720
16720
16720
17056
17056
17056
17056
17056
17056
17056
17400
17400
17400
17400
17400
17400
17400
17400
17644
17644
17644
17644
17644
17644
17644
17988
17988
17988
17988
17988
17988
17988
18340
18340
18340
18340
18340
18340
18340
18340
18600
18600
18600
18600
18600
18600
18600
18908
18908
18908
18908
18908
18908
18908
18908
19152
19152
19152
19152
19152
19152
19152
19368
19368
19368
19368
19368
19368
19368
19368
19820
19820
19820
19820
19820
19820
19820
21380
21380
21380
21380
21380
21380
21380
20060
20060
20060
20060
20060
20060
20060
20060
21084
21084
21084
21084
21084
21084
21084
21368
21368
21368
21368
21368
21368
21368
21368
20668
20668
20668
20668
20668
20668
20668
20524
20524
20524
20524
20524
20524
20524
20524
19460
19460
19460
19460
19460
19460
19460
21440
21440
21440
21440
21440
21440
21440
20864
20864
20864
20864
20864
20864
20864
20864
21740
21740
21740
21740
21740
21740
21740
22016
22016
22016
22016
22016
22016
22016
22016
22660
22660
22660
22660
22660
22660
22660
23012
23012
23012
23012
23012
23012
23012
23012
23784
23784
23784
23784
23784
23784
23784
24332
24332
24332
24332
24332
24332
24332
24488
24488
24488
24488
24488
24488
24488
24488
25032
25032
25032
25032
25032
25032
25032
24832
24832
24832
24832
24832
24832
24832
24832
25084
25084
25084
25084
25084
25084
25084
25284
25284
25284
25284
25284
25284
25284
25284
25504
25504
25504
25504
25504
25504
25504
25524
25524
25524
25524
25524
25524
25524
25676
25676
25676
25676
25676
25676
25676
25676
25552
25552
25552
25552
25552
25552
25552
25676
25676
25676
25676
25676
25676
25676
25676
25840
25840
25840
25840
25840
25840
25840
25976
25976
25976
25976
25976
25976
25976
26360
26360
26360
26360
26360
26360
26360
26360
25932
25932
25932
25932
25932
25932
25932
25624
25624
25624
25624
25624
25624
25624
25624
25372
25372
25372
25372
25372
25372
25372
25264
25264
25264
25264
25264
25264
25264
25264
24872
24872
24872
24872
24872
24872
24872
25172
25172
25172
25172
25172
25172
25172
25256
25256
25256
25256
25256
25256
25256
25256
24920
24920
24920
24920
24920
24920
24920
25272
25272
25272
25272
25272
25272
25272
25272
25296
25296
25296
25296
25296
25296
25296
25132
25132
25132
25132
25132
25132
25132
25132
25664
25664
25664
25664
25664
25664
25664
25256
25256
25256
25256
25256
25256
25256
25156
25156
25156
25156
25156
25156
25156
25156
24988
24988
24988
24988
24988
24988
24988
25432
25432
25432
25432
25432
25432
25432
25432
25264
25264
25264
25264
25264
25264
25264
24812
24812
24812
24812
24812
24812
24812
24812
25020
25020
25020
25020
25020
25020
25020
24524
24524
24524
24524
24524
24524
24524
25184
25184
25184
25184
25184
25184
25184
25184
25604
25604
25604
25604
25604
25604
25604
26060
26060
26060
26060
26060
26060
26060
26060
24144
24144
24144
24144
24144
24144
24144
24940
24940
24940
24940
24940
24940
24940
24940
25132
25132
25132
25132
25132
25132
25132
24332
24332
24332
24332
24332
24332
24332
24484
24484
24484
24484
24484
24484
24484
24484
23908
23908
23908
23908
23908
23908
23908
24008
24008
24008
24008
24008
24008
24008
24008
24644
24644
24644
24644
24644
24644
24644
24292
24292
24292
24292
24292
24292
24292
23952
23952
23952
23952
23952
23952
23952
23952
23856
23856
23856
23856
23856
23856
23856
23652
23652
23652
23652
23652
23652
23652
23652
23604
23604
23604
23604
23604
23604
23604
23036
23036
23036
23036
23036
23036
23036
23036
23396
23396
23396
23396
23396
23396
23396
23176
23176
23176
23176
23176
23176
23176
23440
23440
23440
23440
23440
23440
23440
23440
23340
23340
23340
23340
23340
23340
23340
22804
22804
22804
22804
22804
22804
22804
22804
23124
23124
23124
23124
23124
23124
23124
22764
22764
22764
22764
22764
22764
22764
22764
23008
23008
23008
23008
23008
23008
23008
22564
22564
22564
22564
22564
22564
22564
22896
22896
22896
22896
22896
22896
22896
22896
22696
22696
22696
22696
22696
22696
22696
22576
22576
22576
22576
22576
22576
22576
22576
22740
22740
22740
22740
22740
22740
22740
22224
22224
22224
22224
22224
22224
22224
22224
22340
22340
22340
22340
22340
22340
22340
22232
22232
22232
22232
22232
22232
22232
22264
22264
22264
22264
22264
22264
22264
22264
22156
22156
22156
22156
22156
22156
22156
22208
22208
22208
22208
22208
22208
22208
22208
22384
22384
22384
22384
22384
22384
22384
22308
22308
22308
22308
22308
22308
22308
22308
22656
22656
22656
22656
22656
22656
22656
22292
22292
22292
22292
22292
22292
22292
22508
22508
22508
22508
22508
22508
22508
22508
22488
22488
22488
22488
22488
22488
22488
22480
22480
22480
22480
22480
22480
22480
22480
22632
22632
22632
22632
22632
22632
22632
22892
22892
22892
22892
22892
22892
22892
22892
22552
22552
22552
22552
22552
22552
22552
22800
22800
22800
22800
22800
22800
22800
23076
23076
23076
23076
23076
23076
23076
23076
22860
22860
22860
22860
22860
22860
22860
22788
22788
22788
22788
22788
22788
22788
22788
23156
23156
23156
23156
23156
23156
23156
22620
22620
22620
22620
22620
22620
22620
22680
22680
22680
22680
22680
22680
22680
22680
22692
22692
22692
22692
22692
22692
22692
22560
22560
22560
22560
22560
22560
22560
22560
22544
22544
22544
22544
22544
22544
22544
22428
22428
22428
22428
22428
22428
22428
22428
22240
22240
22240
22240
22240
22240
22240
22364
22364
22364
22364
22364
22364
22364
22284
22284
22284
22284
22284
22284
22284
22284
22088
22088
22088
22088
22088
22088
22088
22036
22036
22036
22036
22036
22036
22036
22036
22056
22056
22056
22056
22056
22056
22056
21808
21808
21808
21808
21808
21808
21808
21808
21644
21644
21644
21644
21644
21644
21644
21472
21472
21472
21472
21472
21472
21472
21512
21512
21512
21512
21512
21512
21512
21512
21624
21624
21624
21624
21624
21624
21624
21292
21292
21292
21292
21292
21292
21292
21292
21252
21252
21252
21252
21252
21252
21252
21136
21136
21136
21136
21136
21136
21136
21136
21100
21100
21100
21100
21100
21100
21100
21116
21116
21116
21116
21116
21116
21116
21012
21012
21012
21012
21012
21012
21012
21012
21032
21032
21032
21032
21032
21032
21032
20932
20932
20932
20932
20932
20932
20932
20932
20752
20752
20752
20752
20752
20752
20752
20660
20660
20660
20660
20660
20660
20660
20660
20608
20608
20608
20608
20608
20608
20608
20552
20552
20552
20552
20552
20552
20552
20412
20412
20412
20412
20412
20412
20412
20412
20368
20368
20368
20368
20368
20368
20368
20228
20228
20228
20228
20228
20228
20228
20228
20284
20284
20284
20284
20284
20284
20284
20136
20136
20136
20136
20136
20136
20136
19968
19968
19968
19968
19968
19968
19968
19968
19860
19860
19860
19860
19860
19860
19860
19748
19748
19748
19748
19748
19748
19748
19748
19680
19680
19680
19680
19680
19680
19680
19536
19536
19536
19536
19536
19536
19536
19536
19448
19448
19448
19448
19448
19448
19448
19236
19236
19236
19236
19236
19236
19236
19188
19188
19188
19188
19188
19188
19188
19188
19228
19228
19228
19228
19228
19228
19228
19028
19028
19028
19028
19028
19028
19028
19028
18996
18996
18996
18996
18996
18996
18996
18956
18956
18956
18956
18956
18956
18956
18956
18896
18896
18896
18896
18896
18896
18896
18820
18820
18820
18820
18820
18820
18820
18740
18740
18740
18740
18740
18740
18740
18740
18604
18604
18604
18604
18604
18604
18604
18456
18456
18456
18456
18456
18456
18456
18456
18460
18460
18460
18460
18460
18460
18460
18356
18356
18356
18356
18356
18356
18356
18356
18128
18128
18128
18128
18128
18128
18128
18000
18000
18000
18000
18000
18000
18000
18028
18028
18028
18028
18028
18028
18028
18028
17824
17824
17824
17824
17824
17824
17824
17532
17532
17532
17532
17532
17532
17532
17532
17352
17352
17352
17352
17352
17352
17352
17296
17296
17296
17296
17296
17296
17296
17296
17200
17200
17200
17200
17200
17200
17200
17112
17112
17112
17112
17112
17112
17112
17044
17044
17044
17044
17044
17044
17044
17044
16936
16936
16936
16936
16936
16936
16936
16732
16732
16732
16732
16732
16732
16732
16732
16624
16624
16624
16624
16624
16624
16624
16664
16664
16664
16664
16664
16664
16664
16496
16496
16496
16496
16496
16496
16496
16496
16480
16480
16480
16480
16480
16480
16480
16360
16360
16360
16360
16360
16360
16360
16360
16352
16352
16352
16352
16352
16352
16352
16172
16172
16172
16172
16172
16172
16172
16172
16124
16124
16124
16124
16124
16124
16124
15912
15912
15912
15912
15912
15912
15912
15720
15720
15720
15720
15720
15720
15720
15720
15584
15584
15584
15584
15584
15584
15584
15420
15420
15420
15420
15420
15420
15420
15420
15228
15228
15228
15228
15228
15228
15228
15028
15028
15028
15028
15028
15028
15028
15028
14936
14936
14936
14936
14936
14936
14936
14848
14848
14848
14848
14848
14848
14848
14720
14720
14720
14720
14720
14720
14720
14720
14576
14576
14576
14576
14576
14576
14576
14268
14268
14268
14268
14268
14268
14268
14268
14068
14068
14068
14068
14068
14068
14068
13852
13852
13852
13852
13852
13852
13852
13852
13676
13676
13676
13676
13676
13676
13676
13536
13536
13536
13536
13536
13536
13536
13364
13364
13364
13364
13364
13364
13364
13364
13112
13112
13112
13112
13112
13112
13112
13048
13048
13048
13048
13048
13048
13048
13048
12872
12872
12872
12872
12872
12872
12872
12636
12636
12636
12636
12636
12636
12636
12636
12468
12468
12468
12468
12468
12468
12468
12464
12464
12464
12464
12464
12464
12464
12184
12184
12184
12184
12184
12184
12184
12184
11984
11984
11984
11984
11984
11984
11984
11940
11940
11940
11940
11940
11940
11940
11940
11988
11988
11988
11988
11988
11988
11988
11936
11936
11936
11936
11936
11936
11936
11700
11700
11700
11700
11700
11700
11700
11700
11600
11600
11600
11600
11600
11600
11600
11692
11692
11692
11692
11692
11692
11692
11692
11500
11500
11500
11500
11500
11500
11500
11480
11480
11480
11480
11480
11480
11480
11480
11352
11352
11352
11352
11352
11352
11352
11480
11480
11480
11480
11480
11480
11480
11400
11400
11400
11400
11400
11400
11400
11400
11452
11452
11452
11452
11452
11452
11452
11364
11364
11364
11364
11364
11364
11364
11364
11388
11388
11388
11388
11388
11388
11388
11332
11332
11332
11332
11332
11332
11332
11332
11180
11180
11180
11180
11180
11180
11180
11164
11164
11164
11164
11164
11164
11164
11232
11232
11232
11232
11232
11232
11232
11232
11192
11192
11192
11192
11192
11192
11192
11036
11036
11036
11036
11036
11036
11036
11036
10880
10880
10880
10880
10880
10880
10880
10688
10688
10688
10688
10688
10688
10688
10688
10560
10560
10560
10560
10560
10560
10560
10660
10660
10660
10660
10660
10660
10660
10592
10592
10592
10592
10592
10592
10592
10592
10528
10528
10528
10528
10528
10528
10528
10408
10408
10408
10408
10408
10408
10408
10408
10304
10304
10304
10304
10304
10304
10304
10236
10236
10236
10236
10236
10236
10236
10192
10192
10192
10192
10192
10192
10192
10192
10180
10180
10180
10180
10180
10180
10180
10012
10012
10012
10012
10012
10012
10012
10012
10000
10000
10000
10000
10000
10000
10000
9900
9900
9900
9900
9900
9900
9900
9900
9924
9924
9924
9924
9924
9924
9924
9744
9744
9744
9744
9744
9744
9744
9580
9580
9580
9580
9580
9580
9580
9580
9560
9560
9560
9560
9560
9560
9560
9440
9440
9440
9440
9440
9440
9440
9440
9128
9128
9128
9128
9128
9128
9128
9180
9180
9180
9180
9180
9180
9180
9180
9116
9116
9116
9116
9116
9116
9116
8764
8764
8764
8764
8764
8764
8764
8732
8732
8732
8732
8732
8732
8732
8732
8744
8744
8744
8744
8744
8744
8744
8764
8764
8764
8764
8764
8764
8764
8764
8776
8776
8776
8776
8776
8776
8776
8644
8644
8644
8644
8644
8644
8644
8644
8536
8536
8536
8536
8536
8536
8536
8360
8360
8360
8360
8360
8360
8360
8500
8500
8500
8500
8500
8500
8500
8500
8484
8484
8484
8484
8484
8484
8484
8188
8188
8188
8188
8188
8188
8188
8188
8136
8136
8136
8136
8136
8136
8136
8032
8032
8032
8032
8032
8032
8032
7932
7932
7932
7932
7932
7932
7932
7932
7768
7768
7768
7768
7768
7768
7768
7608
7608
7608
7608
7608
7608
7608
7608
7424
7424
7424
7424
7424
7424
7424
7396
7396
7396
7396
7396
7396
7396
7396
7360
7360
7360
7360
7360
7360
7360
7236
7236
7236
7236
7236
7236
7236
7044
7044
7044
7044
7044
7044
7044
7044
6844
6844
6844
6844
6844
6844
6844
6912
6912
6912
6912
6912
6912
6912
6912
6784
6784
6784
6784
6784
6784
6784
6824
6824
6824
6824
6824
6824
6824
6824
6844
6844
6844
6844
6844
6844
6844
6708
6708
6708
6708
6708
6708
6708
6628
6628
6628
6628
6628
6628
6628
6628
6312
6312
6312
6312
6312
6312
6312
6252
6252
6252
6252
6252
6252
6252
6252
6128
6128
6128
6128
6128
6128
6128
6176
6176
6176
6176
6176
6176
6176
6176
6052
6052
6052
6052
6052
6052
6052
5940
5940
5940
5940
5940
5940
5940
5944
5944
5944
5944
5944
5944
5944
5944
5872
5872
5872
5872
5872
5872
5872
5836
5836
5836
5836
5836
5836
5836
5836
5752
5752
5752
5752
5752
5752
5752
5632
5632
5632
5632
5632
5632
5632
5632
5664
5664
5664
5664
5664
5664
5664
5568
5568
5568
5568
5568
5568
5568
5616
5616
5616
5616
5616
5616
5616
5616
5576
5576
5576
5576
5576
5576
5576
5528
5528
5528
5528
5528
5528
5528
5528
5560
5560
5560
5560
5560
5560
5560
5612
5612
5612
5612
5612
5612
5612
5588
5588
5588
5588
5588
5588
5588
5588
5568
5568
5568
5568
5568
5568
5568
5628
5628
5628
5628
5628
5628
5628
5628
5520
5520
5520
5520
5520
5520
5520
5596
5596
5596
5596
5596
5596
5596
5596
5460
5460
5460
5460
5460
5460
5460
5600
5600
5600
5600
5600
5600
5600
5616
5616
5616
5616
5616
5616
5616
5616
5644
5644
5644
5644
5644
5644
5644
5676
5676
5676
5676
5676
5676
5676
5676
5696
5696
5696
5696
5696
5696
5696
5664
5664
5664
5664
5664
5664
5664
5664
5696
5696
5696
5696
5696
5696
5696
5620
5620
5620
5620
5620
5620
5620
5568
5568
5568
5568
5568
5568
5568
5568
5744
5744
5744
5744
5744
5744
5744
5704
5704
5704
5704
5704
5704
5704
5704
5616
5616
5616
5616
5616
5616
5616
5760
5760
5760
5760
5760
5760
5760
5760
5664
5664
5664
5664
5664
5664
5664
5588
5588
5588
5588
5588
5588
5588
5752
5752
5752
5752
5752
5752
5752
5752
5836
5836
5836
5836
5836
5836
5836
5680
5680
5680
5680
5680
5680
5680
5680
5580
5580
5580
5580
5580
5580
5580
5628
5628
5628
5628
5628
5628
5628
5548
5548
5548
5548
5548
5548
5548
5548
5536
5536
5536
5536
5536
5536
5536
5532
5532
5532
5532
5532
5532
5532
5532
5244
5244
5244
5244
5244
5244
5244
5256
5256
5256
5256
5256
5256
5256
5256
5276
5276
5276
5276
5276
5276
5276
5312
5312
5312
5312
5312
5312
5312
5276
5276
5276
5276
5276
5276
5276
5276
5248
5248
5248
5248
5248
5248
5248
5136
5136
5136
5136
5136
5136
5136
5136
5152
5152
5152
5152
5152
5152
5152
5132
5132
5132
5132
5132
5132
5132
5132
4980
4980
4980
4980
4980
4980
4980
5156
5156
5156
5156
5156
5156
5156
5144
5144
5144
5144
5144
5144
5144
5144
5156
5156
5156
5156
5156
5156
5156
5132
5132
5132
5132
5132
5132
5132
5132
5124
5124
5124
5124
5124
5124
5124
5240
5240
5240
5240
5240
5240
5240
5240
5264
5264
5264
5264
5264
5264
5264
5372
5372
5372
5372
5372
5372
5372
5384
5384
5384
5384
5384
5384
5384
5384
5424
5424
5424
5424
5424
5424
5424
5436
5436
5436
5436
5436
5436
5436
5436
5400
5400
5400
5400
5400
5400
5400
5380
5380
5380
5380
5380
5380
5380
5380
5288
5288
5288
5288
5288
5288
5288
5268
5268
5268
5268
5268
5268
5268
5260
5260
5260
5260
5260
5260
5260
5260
5108
5108
5108
5108
5108
5108
5108
5120
5120
5120
5120
5120
5120
5120
5120
5068
5068
5068
5068
5068
5068
5068
4952
4952
4952
4952
4952
4952
4952
4952
5016
5016
5016
5016
5016
5016
5016
4964
4964
4964
4964
4964
4964
4964
4944
4944
4944
4944
4944
4944
4944
4944
4944
4944
4944
4944
4944
4944
4944
4932
4932
4932
4932
4932
4932
4932
4932
4956
4956
4956
4956
4956
4956
4956
4852
4852
4852
4852
4852
4852
4852
4872
4872
4872
4872
4872
4872
4872
4872
5060
5060
5060
5060
5060
5060
5060
5016
5016
5016
5016
5016
5016
5016
5016
4944
4944
4944
4944
4944
4944
4944
5080
5080
5080
5080
5080
5080
5080
5080
5060
5060
5060
5060
5060
5060
5060
4968
4968
4968
4968
4968
4968
4968
4908
4908
4908
4908
4908
4908
4908
4908
4964
4964
4964
4964
4964
4964
4964
4952
4952
4952
4952
4952
4952
4952
4952
4944
4944
4944
4944
4944
4944
4944
4996
4996
4996
4996
4996
4996
4996
4996
4992
4992
4992
4992
4992
4992
4992
5128
5128
5128
5128
5128
5128
5128
5860
5860
5860
5860
5860
5860
5860
5860
5012
5012
5012
5012
5012
5012
5012
4984
4984
4984
4984
4984
4984
4984
4984
5416
5416
5416
5416
5416
5416
5416
5432
5432
5432
5432
5432
5432
5432
5432
6092
6092
6092
6092
6092
6092
6092
6140
6140
6140
6140
6140
6140
6140
6384
6384
6384
6384
6384
6384
6384
6384
6452
6452
6452
6452
6452
6452
6452
6512
6512
6512
6512
6512
6512
6512
6512
6672
6672
6672
6672
6672
6672
6672
6872
6872
6872
6872
6872
6872
6872
7192
7192
7192
7192
7192
7192
7192
7192
7416
7416
7416
7416
7416
7416
7416
7724
7724
7724
7724
7724
7724
7724
7724
7788
7788
7788
7788
7788
7788
7788
8012
8012
8012
8012
8012
8012
8012
8012
8240
8240
8240
8240
8240
8240
8240
8432
8432
8432
8432
8432
8432
8432
8640
8640
8640
8640
8640
8640
8640
8640
8876
8876
8876
8876
8876
8876
8876
8952
8952
8952
8952
8952
8952
8952
8952
9160
9160
9160
9160
9160
9160
9160
9364
9364
9364
9364
9364
9364
9364
9364
9496
9496
9496
9496
9496
9496
9496
9636
9636
9636
9636
9636
9636
9636
9788
9788
9788
9788
9788
9788
9788
9788
10012
10012
10012
10012
10012
10012
10012
10292
10292
10292
10292
10292
10292
10292
10292
10592
10592
10592
10592
10592
10592
10592
10780
10780
10780
10780
10780
10780
10780
10780
11088
11088
11088
11088
11088
11088
11088
11180
11180
11180
11180
11180
11180
11180
11160
11160
11160
11160
11160
11160
11160
11160
11368
11368
11368
11368
11368
11368
11368
11500
11500
11500
11500
11500
11500
11500
11500
11656
11656
11656
11656
11656
11656
11656
11680
11680
11680
11680
11680
11680
11680
11548
11548
11548
11548
11548
11548
11548
11548
11664
11664
11664
11664
11664
11664
11664
11668
11668
11668
11668
11668
11668
11668
11668
11680
11680
11680
11680
11680
11680
11680
11640
11640
11640
11640
11640
11640
11640
11640
11576
11576
11576
11576
11576
11576
11576
11584
11584
11584
11584
11584
11584
11584
11528
11528
11528
11528
11528
11528
11528
11528
11640
11640
11640
11640
11640
11640
11640
11620
11620
11620
11620
11620
11620
11620
11620
11716
11716
11716
11716
11716
11716
11716
11524
11524
11524
11524
11524
11524
11524
11524
11608
11608
11608
11608
11608
11608
11608
11848
11848
11848
11848
11848
11848
11848
11996
11996
11996
11996
11996
11996
11996
11996
12000
12000
12000
12000
12000
12000
12000
12308
12308
12308
12308
12308
12308
12308
12308
12208
12208
12208
12208
12208
12208
12208
12292
12292
12292
12292
12292
12292
12292
12292
12248
12248
12248
12248
12248
12248
12248
12404
12404
12404
12404
12404
12404
12404
12400
12400
12400
12400
12400
12400
12400
12400
12364
12364
12364
12364
12364
12364
12364
12304
12304
12304
12304
12304
12304
12304
12304
12384
12384
12384
12384
12384
12384
12384
12528
12528
12528
12528
12528
12528
12528
12388
12388
12388
12388
12388
12388
12388
12388
12612
12612
12612
12612
12612
12612
12612
12728
12728
12728
12728
12728
12728
12728
12728
12700
12700
12700
12700
12700
12700
12700
12692
12692
12692
12692
12692
12692
12692
12692
12852
12852
12852
12852
12852
12852
12852
12904
12904
12904
12904
12904
12904
12904
12992
12992
12992
12992
12992
12992
12992
12992
13076
13076
13076
13076
13076
13076
13076
12988
12988
12988
12988
12988
12988
12988
12988
13220
13220
13220
13220
13220
13220
13220
13524
13524
13524
13524
13524
13524
13524
13572
13572
13572
13572
13572
13572
13572
13572
13744
13744
13744
13744
13744
13744
13744
13896
13896
13896
13896
13896
13896
13896
13896
14028
14028
14028
14028
14028
14028
14028
14148
14148
14148
14148
14148
14148
14148
14148
14488
14488
14488
14488
14488
14488
14488
14788
14788
14788
14788
14788
14788
14788
14748
14748
14748
14748
14748
14748
14748
14748
14952
14952
14952
14952
14952
14952
14952
15224
15224
15224
15224
15224
15224
15224
15224
15504
15504
15504
15504
15504
15504
15504
15740
15740
15740
15740
15740
15740
15740
15740
16104
16104
16104
16104
16104
16104
16104
16292
16292
16292
16292
16292
16292
16292
16584
16584
16584
16584
16584
16584
16584
16584
16684
16684
16684
16684
16684
16684
16684
16884
16884
16884
16884
16884
16884
16884
16884
17176
17176
17176
17176
17176
17176
17176
17556
17556
17556
17556
17556
17556
17556
17732
17732
17732
17732
17732
17732
17732
17732
18012
18012
18012
18012
18012
18012
18012
18260
18260
18260
18260
18260
18260
18260
18260
18692
18692
18692
18692
18692
18692
18692
18916
18916
18916
18916
18916
18916
18916
18916
19060
19060
19060
19060
19060
19060
19060
19288
19288
19288
19288
19288
19288
19288
19404
19404
19404
19404
19404
19404
19404
19404
19660
19660
19660
19660
19660
19660
19660
19896
19896
19896
19896
19896
19896
19896
19896
20084
20084
20084
20084
20084
20084
20084
20308
20308
20308
20308
20308
20308
20308
20308
20304
20304
20304
20304
20304
20304
20304
20484
20484
20484
20484
20484
20484
20484
20704
20704
20704
20704
20704
20704
20704
20704
20952
20952
20952
20952
20952
20952
20952
21064
21064
21064
21064
21064
21064
21064
21064
21296
21296
21296
21296
21296
21296
21296
21560
21560
21560
21560
21560
21560
21560
21560
21796
21796
21796
21796
21796
21796
21796
22020
22020
22020
22020
22020
22020
22020
22192
22192
22192
22192
22192
22192
22192
22192
22764
22764
22764
22764
22764
22764
22764
25380
25380
25380
25380
25380
25380
25380
25380
20556
20556
20556
20556
20556
20556
20556
27340
27340
27340
27340
27340
27340
27340
20920
20920
20920
20920
20920
20920
20920
20920
24272
24272
24272
24272
24272
24272
24272
22012
22012
22012
22012
22012
22012
22012
22012
23872
23872
23872
23872
23872
23872
23872
23068
23068
23068
23068
23068
23068
23068
23068
25316
25316
25316
25316
25316
25316
25316
24688
24688
24688
24688
24688
24688
24688
24776
24776
24776
24776
24776
24776
24776
24776
25908
25908
25908
25908
25908
25908
25908
25872
25872
25872
25872
25872
25872
25872
25872
26968
26968
26968
26968
26968
26968
26968
26864
26864
26864
26864
26864
26864
26864
26864
26984
26984
26984
26984
26984
26984
26984
27240
27240
27240
27240
27240
27240
27240
27688
27688
27688
27688
27688
27688
27688
27688
27984
27984
27984
27984
27984
27984
27984
28180
28180
28180
28180
28180
28180
28180
28180
28348
28348
28348
28348
28348
28348
28348
28488
28488
28488
28488
28488
28488
28488
28488
28480
28480
28480
28480
28480
28480
28480
28256
28256
28256
28256
28256
28256
28256
28428
28428
28428
28428
28428
28428
28428
28428
28264
28264
28264
28264
28264
28264
28264
27928
27928
27928
27928
27928
27928
27928
27928
27792
27792
27792
27792
27792
27792
27792
27824
27824
27824
27824
27824
27824
27824
27824
27624
27624
27624
27624
27624
27624
27624
27748
27748
27748
27748
27748
27748
27748
27744
27744
27744
27744
27744
27744
27744
27744
27356
27356
27356
27356
27356
27356
27356
27468
27468
27468
27468
27468
27468
27468
27468
27248
27248
27248
27248
27248
27248
27248
27124
27124
27124
27124
27124
27124
27124
26988
26988
26988
26988
26988
26988
26988
26988
26996
26996
26996
26996
26996
26996
26996
26884
26884
26884
26884
26884
26884
26884
26884
26852
26852
26852
26852
26852
26852
26852
26500
26500
26500
26500
26500
26500
26500
26500
26480
26480
26480
26480
26480
26480
26480
26148
26148
26148
26148
26148
26148
26148
25868
25868
25868
25868
25868
25868
25868
25868
25848
25848
25848
25848
25848
25848
25848
25360
25360
25360
25360
25360
25360
25360
25360
25528
25528
25528
25528
25528
25528
25528
25312
25312
25312
25312
25312
25312
25312
25312
24892
24892
24892
24892
24892
24892
24892
25044
25044
25044
25044
25044
25044
25044
25052
25052
25052
25052
25052
25052
25052
25052
24584
24584
24584
24584
24584
24584
24584
24532
24532
24532
24532
24532
24532
24532
24532
24412
24412
24412
24412
24412
24412
24412
24204
24204
24204
24204
24204
24204
24204
24204
24072
24072
24072
24072
24072
24072
24072
23624
23624
23624
23624
23624
23624
23624
23388
23388
23388
23388
23388
23388
23388
23388
23156
23156
23156
23156
23156
23156
23156
22972
22972
22972
22972
22972
22972
22972
22972
22804
22804
22804
22804
22804
22804
22804
22544
22544
22544
22544
22544
22544
22544
22256
22256
22256
22256
22256
22256
22256
22256
21972
21972
21972
21972
21972
21972
21972
22016
22016
22016
22016
22016
22016
22016
22016
21940
21940
21940
21940
21940
21940
21940
21660
21660
21660
21660
21660
21660
21660
21660
21636
21636
21636
21636
21636
21636
21636
21500
21500
21500
21500
21500
21500
21500
21348
21348
21348
21348
21348
21348
21348
21348
21228
21228
21228
21228
21228
21228
21228
21176
21176
21176
21176
21176
21176
21176
21176
21124
21124
21124
21124
21124
21124
21124
20988
20988
20988
20988
20988
20988
20988
20988
21032
21032
21032
21032
21032
21032
21032
20868
20868
20868
20868
20868
20868
20868
20684
20684
20684
20684
20684
20684
20684
20684
20544
20544
20544
20544
20544
20544
20544
20480
20480
20480
20480
20480
20480
20480
20480
20540
20540
20540
20540
20540
20540
20540
20428
20428
20428
20428
20428
20428
20428
20428
20240
20240
20240
20240
20240
20240
20240
20244
20244
20244
20244
20244
20244
20244
20112
20112
20112
20112
20112
20112
20112
20112
20236
20236
20236
20236
20236
20236
20236
20332
20332
20332
20332
20332
20332
20332
20332
20380
20380
20380
20380
20380
20380
20380
20320
20320
20320
20320
20320
20320
20320
20344
20344
20344
20344
20344
20344
20344
20344
20252
20252
20252
20252
20252
20252
20252
20456
20456
20456
20456
20456
20456
20456
20456
20396
20396
20396
20396
20396
20396
20396
20544
20544
20544
20544
20544
20544
20544
20544
20580
20580
20580
20580
20580
20580
20580
20232
20232
20232
20232
20232
20232
20232
20416
20416
20416
20416
20416
20416
20416
20416
20340
20340
20340
20340
20340
20340
20340
20276
20276
20276
20276
20276
20276
20276
20276
20380
20380
20380
20380
20380
20380
20380
20204
20204
20204
20204
20204
20204
20204
20204
20084
20084
20084
20084
20084
20084
20084
20340
20340
20340
20340
20340
20340
20340
20356
20356
20356
20356
20356
20356
20356
20356
20344
20344
20344
20344
20344
20344
20344
20240
20240
20240
20240
20240
20240
20240
20240
20320
20320
20320
20320
20320
20320
20320
20436
20436
20436
20436
20436
20436
20436
20436
20400
20400
20400
20400
20400
20400
20400
20344
20344
20344
20344
20344
20344
20344
20292
20292
20292
20292
20292
20292
20292
20292
20416
20416
20416
20416
20416
20416
20416
20312
20312
20312
20312
20312
20312
20312
20312
20408
20408
20408
20408
20408
20408
20408
20416
20416
20416
20416
20416
20416
20416
20404
20404
20404
20404
20404
20404
20404
20404
20332
20332
20332
20332
20332
20332
20332
20376
20376
20376
20376
20376
20376
20376
20376
20360
20360
20360
20360
20360
20360
20360
20384
20384
20384
20384
20384
20384
20384
20384
20268
20268
20268
20268
20268
20268
20268
20280
20280
20280
20280
20280
20280
20280
20224
20224
20224
20224
20224
20224
20224
20224
20156
20156
20156
20156
20156
20156
20156
20088
20088
20088
20088
20088
20088
20088
20088
20032
20032
20032
20032
20032
20032
20032
20000
20000
20000
20000
20000
20000
20000
20000
20096
20096
20096
20096
20096
20096
20096
20200
20200
20200
20200
20200
20200
20200
20140
20140
20140
20140
20140
20140
20140
20140
20076
20076
20076
20076
20076
20076
20076
20052
20052
20052
20052
20052
20052
20052
20052
20080
20080
20080
20080
20080
20080
20080
20072
20072
20072
20072
20072
20072
20072
20072
20160
20160
20160
20160
20160
20160
20160
20124
20124
20124
20124
20124
20124
20124
20104
20104
20104
20104
20104
20104
20104
20104
20016
20016
20016
20016
20016
20016
20016
19864
19864
19864
19864
19864
19864
19864
19864
19892
19892
19892
19892
19892
19892
19892
19816
19816
19816
19816
19816
19816
19816
19816
19692
19692
19692
19692
19692
19692
19692
19688
19688
19688
19688
19688
19688
19688
19680
19680
19680
19680
19680
19680
19680
19680
19552
19552
19552
19552
19552
19552
19552
19524
19524
19524
19524
19524
19524
19524
19524
19332
19332
19332
19332
19332
19332
19332
19272
19272
19272
19272
19272
19272
19272
19280
19280
19280
19280
19280
19280
19280
19280
19128
19128
19128
19128
19128
19128
19128
18824
18824
18824
18824
18824
18824
18824
18824
18672
18672
18672
18672
18672
18672
18672
18608
18608
18608
18608
18608
18608
18608
18608
18560
18560
18560
18560
18560
18560
18560
18368
18368
18368
18368
18368
18368
18368
18164
18164
18164
18164
18164
18164
18164
18164
18040
18040
18040
18040
18040
18040
18040
17860
17860
17860
17860
17860
17860
17860
17860
17736
17736
17736
17736
17736
17736
17736
17624
17624
17624
17624
17624
17624
17624
17624
17480
17480
17480
17480
17480
17480
17480
17468
17468
17468
17468
17468
17468
17468
17396
17396
17396
17396
17396
17396
17396
17396
17216
17216
17216
17216
17216
17216
17216
17112
17112
17112
17112
17112
17112
17112
17112
17020
17020
17020
17020
17020
17020
17020
16912
16912
16912
16912
16912
16912
16912
16888
16888
16888
16888
16888
16888
16888
16888
16756
16756
16756
16756
16756
16756
16756
16352
16352
16352
16352
16352
16352
16352
16352
16360
16360
16360
16360
16360
16360
16360
17164
17164
17164
17164
17164
17164
17164
17164
16600
16600
16600
16600
16600
16600
16600
16548
16548
16548
16548
16548
16548
16548
16212
16212
16212
16212
16212
16212
16212
16212
16056
16056
16056
16056
16056
16056
16056
16384
16384
16384
16384
16384
16384
16384
16384
16008
16008
16008
16008
16008
16008
16008
15916
15916
15916
15916
15916
15916
15916
15916
15764
15764
15764
15764
15764
15764
15764
15644
15644
15644
15644
15644
15644
15644
15756
15756
15756
15756
15756
15756
15756
15756
15688
15688
15688
15688
15688
15688
15688
15396
15396
15396
15396
15396
15396
15396
15396
15376
15376
15376
15376
15376
15376
15376
15340
15340
15340
15340
15340
15340
15340
15340
15164
15164
15164
15164
15164
15164
15164
14996
14996
14996
14996
14996
14996
14996
14700
14700
14700
14700
14700
14700
14700
14700
14800
14800
14800
14800
14800
14800
14800
14784
14784
14784
14784
14784
14784
14784
14784
14624
14624
14624
14624
14624
14624
14624
14544
14544
14544
14544
14544
14544
14544
14448
14448
14448
14448
14448
14448
14448
14448
14260
14260
14260
14260
14260
14260
14260
14100
14100
14100
14100
14100
14100
14100
14100
14032
14032
14032
14032
14032
14032
14032
13896
13896
13896
13896
13896
13896
13896
13896
13748
13748
13748
13748
13748
13748
13748
13640
13640
13640
13640
13640
13640
13640
13568
13568
13568
13568
13568
13568
13568
13568
13380
13380
13380
13380
13380
13380
13380
13220
13220
13220
13220
13220
13220
13220
13220
13044
13044
13044
13044
13044
13044
13044
12968
12968
12968
12968
12968
12968
12968
12968
12912
12912
12912
12912
12912
12912
12912
12740
12740
12740
12740
12740
12740
12740
12724
12724
12724
12724
12724
12724
12724
12724
12500
12500
12500
12500
12500
12500
12500
12236
12236
12236
12236
12236
12236
12236
12236
12176
12176
12176
12176
12176
12176
12176
11280
11280
11280
11280
11280
11280
11280
11280
11156
11156
11156
11156
11156
11156
11156
10688
10688
10688
10688
10688
10688
10688
11300
11300
11300
11300
11300
11300
11300
11300
10292
10292
10292
10292
10292
10292
10292
10728
10728
10728
10728
10728
10728
10728
10728
10416
10416
10416
10416
10416
10416
10416
10576
10576
10576
10576
10576
10576
10576
10276
10276
10276
10276
10276
10276
10276
10276
10116
10116
10116
10116
10116
10116
10116
10200
10200
10200
10200
10200
10200
10200
10200
9820
9820
9820
9820
9820
9820
9820
10092
10092
10092
10092
10092
10092
10092
10092
9872
9872
9872
9872
9872
9872
9872
9684
9684
9684
9684
9684
9684
9684
9504
9504
9504
9504
9504
9504
9504
9504
9624
9624
9624
9624
9624
9624
9624
9168
9168
9168
9168
9168
9168
9168
9168
9044
9044
9044
9044
9044
9044
9044
8836
8836
8836
8836
8836
8836
8836
8836
8680
8680
8680
8680
8680
8680
8680
8504
8504
8504
8504
8504
8504
8504
8548
8548
8548
8548
8548
8548
8548
8548
8468
8468
8468
8468
8468
8468
8468
8344
8344
8344
8344
8344
8344
8344
8344
8236
8236
8236
8236
8236
8236
8236
8132
8132
8132
8132
8132
8132
8132
8132
7984
7984
7984
7984
7984
7984
7984
7956
7956
7956
7956
7956
7956
7956
8008
8008
8008
8008
8008
8008
8008
8008
7840
7840
7840
7840
7840
7840
7840
7936
7936
7936
7936
7936
7936
7936
7936
7784
7784
7784
7784
7784
7784
7784
7848
7848
7848
7848
7848
7848
7848
7796
7796
7796
7796
7796
7796
7796
7796
7776
7776
7776
7776
7776
7776
7776
7712
7712
7712
7712
7712
7712
7712
7712
7636
7636
7636
7636
7636
7636
7636
7596
7596
7596
7596
7596
7596
7596
7596
7516
7516
7516
7516
7516
7516
7516
7352
7352
7352
7352
7352
7352
7352
7316
7316
7316
7316
7316
7316
7316
7316
7316
7316
7316
7316
7316
7316
7316
7228
7228
7228
7228
7228
7228
7228
7228
7064
7064
7064
7064
7064
7064
7064
6960
6960
6960
6960
6960
6960
6960
6960
6868
6868
6868
6868
6868
6868
6868
6832
6832
6832
6832
6832
6832
6832
6744
6744
6744
6744
6744
6744
6744
6744
6640
6640
6640
6640
6640
6640
6640
6476
6476
6476
6476
6476
6476
6476
6476
6172
6172
6172
6172
6172
6172
6172
6140
6140
6140
6140
6140
6140
6140
6140
6076
6076
6076
6076
6076
6076
6076
6296
6296
6296
6296
6296
6296
6296
6416
6416
6416
6416
6416
6416
6416
6416
6284
6284
6284
6284
6284
6284
6284
6208
6208
6208
6208
6208
6208
6208
6208
6148
6148
6148
6148
6148
6148
6148
6176
6176
6176
6176
6176
6176
6176
6176
6164
6164
6164
6164
6164
6164
6164
6252
6252
6252
6252
6252
6252
6252
6268
6268
6268
6268
6268
6268
6268
6268
6092
6092
6092
6092
6092
6092
6092
6024
6024
6024
6024
6024
6024
6024
6024
6052
6052
6052
6052
6052
6052
6052
6028
6028
6028
6028
6028
6028
6028
6004
6004
6004
6004
6004
6004
6004
6004
5980
5980
5980
5980
5980
5980
5980
5968
5968
5968
5968
5968
5968
5968
5968
5944
5944
5944
5944
5944
5944
5944
5768
5768
5768
5768
5768
5768
5768
5768
5804
5804
5804
5804
5804
5804
5804
5772
5772
5772
5772
5772
5772
5772
5620
5620
5620
5620
5620
5620
5620
5620
5584
5584
5584
5584
5584
5584
5584
5528
5528
5528
5528
5528
5528
5528
5528
5568
5568
5568
5568
5568
5568
5568
5548
5548
5548
5548
5548
5548
5548
5548
5580
5580
5580
5580
5580
5580
5580
5512
5512
5512
5512
5512
5512
5512
5532
5532
5532
5532
5532
5532
5532
5532
5544
5544
5544
5544
5544
5544
5544
5404
5404
5404
5404
5404
5404
5404
5404
5368
5368
5368
5368
5368
5368
5368
5344
5344
5344
5344
5344
5344
5344
5332
5332
5332
5332
5332
5332
5332
5332
5228
5228
5228
5228
5228
5228
5228
5328
5328
5328
5328
5328
5328
5328
5328
5560
5560
5560
5560
5560
5560
5560
5500
5500
5500
5500
5500
5500
5500
5500
5440
5440
5440
5440
5440
5440
5440
5648
5648
5648
5648
5648
5648
5648
5712
5712
5712
5712
5712
5712
5712
5712
5720
5720
5720
5720
5720
5720
5720
5824
5824
5824
5824
5824
5824
5824
5824
5988
5988
5988
5988
5988
5988
5988
6020
6020
6020
6020
6020
6020
6020
6020
5940
5940
5940
5940
5940
5940
5940
5872
5872
5872
5872
5872
5872
5872
5928
5928
5928
5928
5928
5928
5928
5928
5928
5928
5928
5928
5928
5928
5928
6028
6028
6028
6028
6028
6028
6028
6028
5820
5820
5820
5820
5820
5820
5820
5712
5712
5712
5712
5712
5712
5712
5712
5848
5848
5848
5848
5848
5848
5848
5820
5820
5820
5820
5820
5820
5820
5888
5888
5888
5888
5888
5888
5888
5888
5856
5856
5856
5856
5856
5856
5856
5840
5840
5840
5840
5840
5840
5840
5840
5856
5856
5856
5856
5856
5856
5856
5916
5916
5916
5916
5916
5916
5916
5916
5912
5912
5912
5912
5912
5912
5912
5748
5748
5748
5748
5748
5748
5748
5832
5832
5832
5832
5832
5832
5832
5832
5748
5748
5748
5748
5748
5748
5748
5656
5656
5656
5656
5656
5656
5656
5656
5636
5636
5636
5636
5636
5636
5636
5612
5612
5612
5612
5612
5612
5612
5564
5564
5564
5564
5564
5564
5564
5564
5624
5624
5624
5624
5624
5624
5624
5644
5644
5644
5644
5644
5644
5644
5644
5616
5616
5616
5616
5616
5616
5616
5432
5432
5432
5432
5432
5432
5432
5432
5428
5428
5428
5428
5428
5428
5428
5440
5440
5440
5440
5440
5440
5440
5484
5484
5484
5484
5484
5484
5484
5484
5352
5352
5352
5352
5352
5352
5352
5356
5356
5356
5356
5356
5356
5356
5356
5236
5236
5236
5236
5236
5236
5236
5164
5164
5164
5164
5164
5164
5164
5164
5240
5240
5240
5240
5240
5240
5240
5320
5320
5320
5320
5320
5320
5320
5220
5220
5220
5220
5220
5220
5220
5220
5248
5248
5248
5248
5248
5248
5248
5328
5328
5328
5328
5328
5328
5328
5328
5280
5280
5280
5280
5280
5280
5280
5256
5256
5256
5256
5256
5256
5256
5256
5320
5320
5320
5320
5320
5320
5320
5340
5340
5340
5340
5340
5340
5340
5416
5416
5416
5416
5416
5416
5416
5416
5444
5444
5444
5444
5444
5444
5444
5472
5472
5472
5472
5472
5472
5472
5472
5528
5528
5528
5528
5528
5528
5528
5556
5556
5556
5556
5556
5556
5556
5408
5408
5408
5408
5408
5408
5408
5408
5488
5488
5488
5488
5488
5488
5488
5600
5600
5600
5600
5600
5600
5600
5600
5524
5524
5524
5524
5524
5524
5524
5604
5604
5604
5604
5604
5604
5604
5604
5764
5764
5764
5764
5764
5764
5764
5916
5916
5916
5916
5916
5916
5916
5928
5928
5928
5928
5928
5928
5928
5928
6040
6040
6040
6040
6040
6040
6040
6272
6272
6272
6272
6272
6272
6272
6272
6420
6420
6420
6420
6420
6420
6420
6540
6540
6540
6540
6540
6540
6540
6540
6676
6676
6676
6676
6676
6676
6676
6792
6792
6792
6792
6792
6792
6792
6852
6852
6852
6852
6852
6852
6852
6852
7008
7008
7008
7008
7008
7008
7008
7096
7096
7096
7096
7096
7096
7096
7096
7176
7176
7176
7176
7176
7176
7176
7316
7316
7316
7316
7316
7316
7316
7316
7460
7460
7460
7460
7460
7460
7460
7744
7744
7744
7744
7744
7744
7744
8072
8072
8072
8072
8072
8072
8072
8072
8296
8296
8296
8296
8296
8296
8296
8372
8372
8372
8372
8372
8372
8372
8372
8672
8672
8672
8672
8672
8672
8672
8828
8828
8828
8828
8828
8828
8828
8828
9060
9060
9060
9060
9060
9060
9060
9316
9316
9316
9316
9316
9316
9316
9524
9524
9524
9524
9524
9524
9524
9524
9780
9780
9780
9780
9780
9780
9780
9972
9972
9972
9972
9972
9972
9972
9972
10132
10132
10132
10132
10132
10132
10132
10320
10320
10320
10320
10320
10320
10320
10592
10592
10592
10592
10592
10592
10592
10592
10700
10700
10700
10700
10700
10700
10700
10676
10676
10676
10676
10676
10676
10676
10676
10868
10868
10868
10868
10868
10868
10868
11040
11040
11040
11040
11040
11040
11040
11040
11104
11104
11104
11104
11104
11104
11104
11228
11228
11228
11228
11228
11228
11228
11308
11308
11308
11308
11308
11308
11308
11308
11244
11244
11244
11244
11244
11244
11244
11324
11324
11324
11324
11324
11324
11324
11324
11412
11412
11412
11412
11412
11412
11412
11392
11392
11392
11392
11392
11392
11392
11392
11484
11484
11484
11484
11484
11484
11484
11648
11648
11648
11648
11648
11648
11648
11464
11464
11464
11464
11464
11464
11464
11464
11444
11444
11444
11444
11444
11444
11444
11520
11520
11520
11520
11520
11520
11520
11520
11584
11584
11584
11584
11584
11584
11584
11644
11644
11644
11644
11644
11644
11644
11644
11564
11564
11564
11564
11564
11564
11564
11640
11640
11640
11640
11640
11640
11640
11788
11788
11788
11788
11788
11788
11788
11788
11832
11832
11832
11832
11832
11832
11832
11740
11740
11740
11740
11740
11740
11740
11740
11824
11824
11824
11824
11824
11824
11824
11812
11812
11812
11812
11812
11812
11812
11900
11900
11900
11900
11900
11900
11900
11900
11948
11948
11948
11948
11948
11948
11948
11776
11776
11776
11776
11776
11776
11776
11776
11820
11820
11820
11820
11820
11820
11820
11952
11952
11952
11952
11952
11952
11952
11952
11856
11856
11856
11856
11856
11856
11856
11672
11672
11672
11672
11672
11672
11672
11868
11868
11868
11868
11868
11868
11868
11868
11740
11740
11740
11740
11740
11740
11740
11900
11900
11900
11900
11900
11900
11900
11900
12016
12016
12016
12016
12016
12016
12016
12228
12228
12228
12228
12228
12228
12228
12228
12320
12320
12320
12320
12320
12320
12320
12520
12520
12520
12520
12520
12520
12520
12768
12768
12768
12768
12768
12768
12768
12768
13072
13072
13072
13072
13072
13072
13072
13144
13144
13144
13144
13144
13144
13144
13144
13120
13120
13120
13120
13120
13120
13120
13308
13308
13308
13308
13308
13308
13308
13308
13416
13416
13416
13416
13416
13416
13416
13552
13552
13552
13552
13552
13552
13552
13572
13572
13572
13572
13572
13572
13572
13572
13524
13524
13524
13524
13524
13524
13524
13688
13688
13688
13688
13688
13688
13688
13688
13768
13768
13768
13768
13768
13768
13768
13980
13980
13980
13980
13980
13980
13980
14104
14104
14104
14104
14104
14104
14104
14104
14300
14300
14300
14300
14300
14300
14300
14528
14528
14528
14528
14528
14528
14528
14528
14680
14680
14680
14680
14680
14680
14680
14860
14860
14860
14860
14860
14860
14860
14860
15224
15224
15224
15224
15224
15224
15224
15420
15420
15420
15420
15420
15420
15420
15568
15568
15568
15568
15568
15568
15568
15568
15848
15848
15848
15848
15848
15848
15848
16164
16164
16164
16164
16164
16164
16164
16164
16224
16224
16224
16224
16224
16224
16224
16480
16480
16480
16480
16480
16480
16480
16480
16708
16708
16708
16708
16708
16708
16708
16964
16964
16964
16964
16964
16964
16964
17220
17220
17220
17220
17220
17220
17220
17220
17432
17432
17432
17432
17432
17432
17432
17788
17788
17788
17788
17788
17788
17788
17788
17968
17968
17968
17968
17968
17968
17968
18224
18224
18224
18224
18224
18224
18224
18224
18520
18520
18520
18520
18520
18520
18520
18604
18604
18604
18604
18604
18604
18604
18844
18844
18844
18844
18844
18844
18844
18844
18860
18860
18860
18860
18860
18860
18860
18968
18968
18968
18968
18968
18968
18968
18968
19216
19216
19216
19216
19216
19216
19216
19276
19276
19276
19276
19276
19276
19276
19600
19600
19600
19600
19600
19600
19600
19600
19924
19924
19924
19924
19924
19924
19924
20056
20056
20056
20056
20056
20056
20056
20056
20240
20240
20240
20240
20240
20240
20240
20440
20440
20440
20440
20440
20440
20440
20440
20700
20700
20700
20700
20700
20700
20700
21104
21104
21104
21104
21104
21104
21104
21316
21316
21316
21316
21316
21316
21316
21316
21604
21604
21604
21604
21604
21604
21604
21748
21748
21748
21748
21748
21748
21748
21748
21840
21840
21840
21840
21840
21840
21840
22036
22036
22036
22036
22036
22036
22036
22036
22268
22268
22268
22268
22268
22268
22268
22416
22416
22416
22416
22416
22416
22416
23020
23020
23020
23020
23020
23020
23020
23020
24904
24904
24904
24904
24904
24904
24904
20904
20904
20904
20904
20904
20904
20904
20904
26968
26968
26968
26968
26968
26968
26968
20928
20928
20928
20928
20928
20928
20928
20928
24056
24056
24056
24056
24056
24056
24056
22780
22780
22780
22780
22780
22780
22780
22128
22128
22128
22128
22128
22128
22128
22128
23124
23124
23124
23124
23124
23124
23124
24108
24108
24108
24108
24108
24108
24108
24108
23964
23964
23964
23964
23964
23964
23964
24720
24720
24720
24720
24720
24720
24720
24720
25132
25132
25132
25132
25132
25132
25132
25336
25336
25336
25336
25336
25336
25336
25172
25172
25172
25172
25172
25172
25172
25172
25912
25912
25912
25912
25912
25912
25912
25932
25932
25932
25932
25932
25932
25932
25932
25472
25472
25472
25472
25472
25472
25472
26340
26340
26340
26340
26340
26340
26340
25916
25916
25916
25916
25916
25916
25916
25916
26164
26164
26164
26164
26164
26164
26164
26428
26428
26428
26428
26428
26428
26428
26428
26576
26576
26576
26576
26576
26576
26576
26656
26656
26656
26656
26656
26656
26656
26656
26740
26740
26740
26740
26740
26740
26740
26684
26684
26684
26684
26684
26684
26684
26328
26328
26328
26328
26328
26328
26328
26328
26280
26280
26280
26280
26280
26280
26280
26444
26444
26444
26444
26444
26444
26444
26444
26492
26492
26492
26492
26492
26492
26492
26292
26292
26292
26292
26292
26292
26292
26292
26416
26416
26416
26416
26416
26416
26416
26224
26224
26224
26224
26224
26224
26224
26188
26188
26188
26188
26188
26188
26188
26188
25996
25996
25996
25996
25996
25996
25996
26032
26032
26032
26032
26032
26032
26032
26032
25944
25944
25944
25944
25944
25944
25944
25772
25772
25772
25772
25772
25772
25772
25772
25696
25696
25696
25696
25696
25696
25696
25652
25652
25652
25652
25652
25652
25652
25792
25792
25792
25792
25792
25792
25792
25792
25708
25708
25708
25708
25708
25708
25708
25920
25920
25920
25920
25920
25920
25920
25920
25884
25884
25884
25884
25884
25884
25884
25732
25732
25732
25732
25732
25732
25732
25812
25812
25812
25812
25812
25812
25812
25812
25812
25812
25812
25812
25812
25812
25812
25560
25560
25560
25560
25560
25560
25560
25560
25748
25748
25748
25748
25748
25748
25748
25592
25592
25592
25592
25592
25592
25592
25592
25896
25896
25896
25896
25896
25896
25896
25968
25968
25968
25968
25968
25968
25968
24864
24864
24864
24864
24864
24864
24864
24864
25356
25356
25356
25356
25356
25356
25356
25588
25588
25588
25588
25588
25588
25588
25588
25288
25288
25288
25288
25288
25288
25288
25352
25352
25352
25352
25352
25352
25352
25352
25184
25184
25184
25184
25184
25184
25184
24984
24984
24984
24984
24984
24984
24984
24956
24956
24956
24956
24956
24956
24956
24956
24860
24860
24860
24860
24860
24860
24860
24388
24388
24388
24388
24388
24388
24388
24388
24600
24600
24600
24600
24600
24600
24600
24540
24540
24540
24540
24540
24540
24540
24540
24504
24504
24504
24504
24504
24504
24504
24496
24496
24496
24496
24496
24496
24496
24300
24300
24300
24300
24300
24300
24300
24300
24164
24164
24164
24164
24164
24164
24164
23972
23972
23972
23972
23972
23972
23972
23972
23744
23744
23744
23744
23744
23744
23744
23712
23712
23712
23712
23712
23712
23712
23712
23536
23536
23536
23536
23536
23536
23536
23248
23248
23248
23248
23248
23248
23248
23264
23264
23264
23264
23264
23264
23264
23264
23104
23104
23104
23104
23104
23104
23104
23116
23116
23116
23116
23116
23116
23116
23116
23004
23004
23004
23004
23004
23004
23004
22976
22976
22976
22976
22976
22976
22976
22948
22948
22948
22948
22948
22948
22948
22948
22824
22824
22824
22824
22824
22824
22824
22740
22740
22740
22740
22740
22740
22740
22740
22628
22628
22628
22628
22628
22628
22628
22656
22656
22656
22656
22656
22656
22656
22656
22592
22592
22592
22592
22592
22592
22592
22536
22536
22536
22536
22536
22536
22536
22408
22408
22408
22408
22408
22408
22408
22408
22424
22424
22424
22424
22424
22424
22424
22112
22112
22112
22112
22112
22112
22112
22112
22100
22100
22100
22100
22100
22100
22100
22140
22140
22140
22140
22140
22140
22140
22140
22012
22012
22012
22012
22012
22012
22012
22044
22044
22044
22044
22044
22044
22044
21984
21984
21984
21984
21984
21984
21984
21984
21932
21932
21932
21932
21932
21932
21932
21836
21836
21836
21836
21836
21836
21836
21836
21824
21824
21824
21824
21824
21824
21824
21632
21632
21632
21632
21632
21632
21632
21676
21676
21676
21676
21676
21676
21676
21676
21560
21560
21560
21560
21560
21560
21560
21296
21296
21296
21296
21296
21296
21296
21296
21156
21156
21156
21156
21156
21156
21156
20968
20968
20968
20968
20968
20968
20968
20968
20732
20732
20732
20732
20732
20732
20732
20620
20620
20620
20620
20620
20620
20620
20588
20588
20588
20588
20588
20588
20588
20588
20468
20468
20468
20468
20468
20468
20468
20192
20192
20192
20192
20192
20192
20192
20192
20016
20016
20016
20016
20016
20016
20016
19908
19908
19908
19908
19908
19908
19908
19908
19752
19752
19752
19752
19752
19752
19752
19792
19792
19792
19792
19792
19792
19792
19648
19648
19648
19648
19648
19648
19648
19648
19472
19472
19472
19472
19472
19472
19472
19424
19424
19424
19424
19424
19424
19424
19424
19388
19388
19388
19388
19388
19388
19388
19244
19244
19244
19244
19244
19244
19244
19244
18956
18956
18956
18956
18956
18956
18956
18872
18872
18872
18872
18872
18872
18872
18868
18868
18868
18868
18868
18868
18868
18868
18680
18680
18680
18680
18680
18680
18680
18620
18620
18620
18620
18620
18620
18620
18620
18592
18592
18592
18592
18592
18592
18592
18488
18488
18488
18488
18488
18488
18488
18488
18456
18456
18456
18456
18456
18456
18456
18548
18548
18548
18548
18548
18548
18548
18440
18440
18440
18440
18440
18440
18440
18440
18308
18308
18308
18308
18308
18308
18308
18268
18268
18268
18268
18268
18268
18268
18268
18380
18380
18380
18380
18380
18380
18380
18208
18208
18208
18208
18208
18208
18208
18048
18048
18048
18048
18048
18048
18048
18048
18004
18004
18004
18004
18004
18004
18004
17892
17892
17892
17892
17892
17892
17892
17892
17852
17852
17852
17852
17852
17852
17852
17740
17740
17740
17740
17740
17740
17740
17740
17644
17644
17644
17644
17644
17644
17644
17500
17500
17500
17500
17500
17500
17500
17408
17408
17408
17408
17408
17408
17408
17408
17300
17300
17300
17300
17300
17300
17300
17260
17260
17260
17260
17260
17260
17260
17260
17336
17336
17336
17336
17336
17336
17336
17264
17264
17264
17264
17264
17264
17264
17264
17232
17232
17232
17232
17232
17232
17232
17128
17128
17128
17128
17128
17128
17128
17204
17204
17204
17204
17204
17204
17204
17204
17124
17124
17124
17124
17124
17124
17124
17004
17004
17004
17004
17004
17004
17004
17004
16916
16916
16916
16916
16916
16916
16916
16792
16792
16792
16792
16792
16792
16792
16792
16824
16824
16824
16824
16824
16824
16824
16728
16728
16728
16728
16728
16728
16728
16652
16652
16652
16652
16652
16652
16652
16652
16516
16516
16516
16516
16516
16516
16516
16664
16664
16664
16664
16664
16664
16664
16664
16616
16616
16616
16616
16616
16616
16616
16428
16428
16428
16428
16428
16428
16428
16292
16292
16292
16292
16292
16292
16292
16292
16208
16208
16208
16208
16208
16208
16208
16168
16168
16168
16168
16168
16168
16168
16168
16172
16172
16172
16172
16172
16172
16172
15932
15932
15932
15932
15932
15932
15932
15932
15888
15888
15888
15888
15888
15888
15888
15908
15908
15908
15908
15908
15908
15908
15816
15816
15816
15816
15816
15816
15816
15816
15764
15764
15764
15764
15764
15764
15764
15816
15816
15816
15816
15816
15816
15816
15816
15624
15624
15624
15624
15624
15624
15624
15548
15548
15548
15548
15548
15548
15548
15548
15252
15252
15252
15252
15252
15252
15252
15204
15204
15204
15204
15204
15204
15204
15176
15176
15176
15176
15176
15176
15176
15176
14964
14964
14964
14964
14964
14964
14964
14816
14816
14816
14816
14816
14816
14816
14816
14604
14604
14604
14604
14604
14604
14604
14584
14584
14584
14584
14584
14584
14584
14584
14484
14484
14484
14484
14484
14484
14484
14404
14404
14404
14404
14404
14404
14404
14280
14280
14280
14280
14280
14280
14280
14280
14164
14164
14164
14164
14164
14164
14164
13896
13896
13896
13896
13896
13896
13896
13896
13296
13296
13296
13296
13296
13296
13296
13512
13512
13512
13512
13512
13512
13512
13676
13676
13676
13676
13676
13676
13676
13676
12972
12972
12972
12972
12972
12972
12972
13028
13028
13028
13028
13028
13028
13028
13028
12764
12764
12764
12764
12764
12764
12764
12564
12564
12564
12564
12564
12564
12564
12564
12616
12616
12616
12616
12616
12616
12616
12196
12196
12196
12196
12196
12196
12196
12192
12192
12192
12192
12192
12192
12192
12192
12116
12116
12116
12116
12116
12116
12116
12052
12052
12052
12052
12052
12052
12052
12052
11856
11856
11856
11856
11856
11856
11856
11664
11664
11664
11664
11664
11664
11664
11664
11452
11452
11452
11452
11452
11452
11452
11324
11324
11324
11324
11324
11324
11324
11224
11224
11224
11224
11224
11224
11224
11224
11136
11136
11136
11136
11136
11136
11136
10768
10768
10768
10768
10768
10768
10768
10768
10552
10552
10552
10552
10552
10552
10552
10464
10464
10464
10464
10464
10464
10464
10464
10304
10304
10304
10304
10304
10304
10304
10052
10052
10052
10052
10052
10052
10052
9852
9852
9852
9852
9852
9852
9852
9852
9692
9692
9692
9692
9692
9692
9692
9544
9544
9544
9544
9544
9544
9544
9544
9332
9332
9332
9332
9332
9332
9332
9188
9188
9188
9188
9188
9188
9188
9124
9124
9124
9124
9124
9124
9124
9124
9028
9028
9028
9028
9028
9028
9028
8952
8952
8952
8952
8952
8952
8952
8952
8816
8816
8816
8816
8816
8816
8816
8664
8664
8664
8664
8664
8664
8664
8664
8744
8744
8744
8744
8744
8744
8744
8532
8532
8532
8532
8532
8532
8532
8712
8712
8712
8712
8712
8712
8712
8712
8540
8540
8540
8540
8540
8540
8540
8476
8476
8476
8476
8476
8476
8476
8476
8480
8480
8480
8480
8480
8480
8480
8212
8212
8212
8212
8212
8212
8212
8212
8252
8252
8252
8252
8252
8252
8252
8200
8200
8200
8200
8200
8200
8200
8036
8036
8036
8036
8036
8036
8036
8036
7880
7880
7880
7880
7880
7880
7880
7908
7908
7908
7908
7908
7908
7908
7908
7916
7916
7916
7916
7916
7916
7916
7772
7772
7772
7772
7772
7772
7772
7772
7780
7780
7780
7780
7780
7780
7780
7620
7620
7620
7620
7620
7620
7620
7436
7436
7436
7436
7436
7436
7436
7436
7496
7496
7496
7496
7496
7496
7496
7556
7556
7556
7556
7556
7556
7556
7556
7396
7396
7396
7396
7396
7396
7396
7236
7236
7236
7236
7236
7236
7236
7092
7092
7092
7092
7092
7092
7092
7092
7012
7012
7012
7012
7012
7012
7012
6864
6864
6864
6864
6864
6864
6864
6864
6828
6828
6828
6828
6828
6828
6828
6716
6716
6716
6716
6716
6716
6716
6716
6712
6712
6712
6712
6712
6712
6712
6672
6672
6672
6672
6672
6672
6672
6560
6560
6560
6560
6560
6560
6560
6560
6440
6440
6440
6440
6440
6440
6440
6292
6292
6292
6292
6292
6292
6292
6292
6508
6508
6508
6508
6508
6508
6508
6368
6368
6368
6368
6368
6368
6368
6368
6108
6108
6108
6108
6108
6108
6108
6124
6124
6124
6124
6124
6124
6124
6056
6056
6056
6056
6056
6056
6056
6056
5852
5852
5852
5852
5852
5852
5852
5736
5736
5736
5736
5736
5736
5736
5736
5724
5724
5724
5724
5724
5724
5724
5616
5616
5616
5616
5616
5616
5616
5616
5544
5544
5544
5544
5544
5544
5544
5500
5500
5500
5500
5500
5500
5500
5380
5380
5380
5380
5380
5380
5380
5380
5268
5268
5268
5268
5268
5268
5268
5444
5444
5444
5444
5444
5444
5444
5444
5276
5276
5276
5276
5276
5276
5276
5280
5280
5280
5280
5280
5280
5280
5280
5264
5264
5264
5264
5264
5264
5264
5296
5296
5296
5296
5296
5296
5296
5108
5108
5108
5108
5108
5108
5108
5108
5160
5160
5160
5160
5160
5160
5160
5152
5152
5152
5152
5152
5152
5152
5152
5120
5120
5120
5120
5120
5120
5120
5192
5192
5192
5192
5192
5192
5192
5192
5236
5236
5236
5236
5236
5236
5236
5140
5140
5140
5140
5140
5140
5140
5012
5012
5012
5012
5012
5012
5012
5012
5152
5152
5152
5152
5152
5152
5152
5140
5140
5140
5140
5140
5140
5140
5140
5176
5176
5176
5176
5176
5176
5176
5220
5220
5220
5220
5220
5220
5220
5220
5220
5220
5220
5220
5220
5220
5220
5296
5296
5296
5296
5296
5296
5296
5296
5296
5296
5296
5296
5296
5296
5296
5312
5312
5312
5312
5312
5312
5312
5432
5432
5432
5432
5432
5432
5432
5432
5580
5580
5580
5580
5580
5580
5580
5580
5580
5580
5580
5580
5580
5580
5628
5628
5628
5628
5628
5628
5628
5628
5680
5680
5680
5680
5680
5680
5680
5828
5828
5828
5828
5828
5828
5828
5828
5948
5948
5948
5948
5948
5948
5948
5924
5924
5924
5924
5924
5924
5924
5924
6032
6032
6032
6032
6032
6032
6032
6068
6068
6068
6068
6068
6068
6068
5948
5948
5948
5948
5948
5948
5948
5948
6020
6020
6020
6020
6020
6020
6020
6000
6000
6000
6000
6000
6000
6000
6000
5940
5940
5940
5940
5940
5940
5940
5860
5860
5860
5860
5860
5860
5860
5904
5904
5904
5904
5904
5904
5904
5904
5860
5860
5860
5860
5860
5860
5860
5976
5976
5976
5976
5976
5976
5976
5976
5888
5888
5888
5888
5888
5888
5888
5952
5952
5952
5952
5952
5952
5952
5952
6040
6040
6040
6040
6040
6040
6040
6188
6188
6188
6188
6188
6188
6188
6208
6208
6208
6208
6208
6208
6208
6208
6276
6276
6276
6276
6276
6276
6276
6352
6352
6352
6352
6352
6352
6352
6352
6464
6464
6464
6464
6464
6464
6464
6504
6504
6504
6504
6504
6504
6504
6504
6416
6416
6416
6416
6416
6416
6416
6420
6420
6420
6420
6420
6420
6420
6484
6484
6484
6484
6484
6484
6484
6484
6536
6536
6536
6536
6536
6536
6536
6580
6580
6580
6580
6580
6580
6580
6580
6516
6516
6516
6516
6516
6516
6516
6600
6600
6600
6600
6600
6600
6600
6684
6684
6684
6684
6684
6684
6684
6684
6596
6596
6596
6596
6596
6596
6596
6616
6616
6616
6616
6616
6616
6616
6616
6556
6556
6556
6556
6556
6556
6556
6496
6496
6496
6496
6496
6496
6496
6496
6508
6508
6508
6508
6508
6508
6508
6544
6544
6544
6544
6544
6544
6544
6560
6560
6560
6560
6560
6560
6560
6560
6732
6732
6732
6732
6732
6732
6732
6672
6672
6672
6672
6672
6672
6672
6672
6812
6812
6812
6812
6812
6812
6812
7044
7044
7044
7044
7044
7044
7044
7044
6880
6880
6880
6880
6880
6880
6880
6860
6860
6860
6860
6860
6860
6860
6800
6800
6800
6800
6800
6800
6800
6800
6792
6792
6792
6792
6792
6792
6792
6792
6792
6792
6792
6792
6792
6792
6792
6724
6724
6724
6724
6724
6724
6724
6824
6824
6824
6824
6824
6824
6824
6824
6740
6740
6740
6740
6740
6740
6740
6648
6648
6648
6648
6648
6648
6648
6680
6680
6680
6680
6680
6680
6680
6680
6600
6600
6600
6600
6600
6600
6600
6752
6752
6752
6752
6752
6752
6752
6752
6652
6652
6652
6652
6652
6652
6652
6720
6720
6720
6720
6720
6720
6720
6720
6828
6828
6828
6828
6828
6828
6828
6792
6792
6792
6792
6792
6792
6792
6784
6784
6784
6784
6784
6784
6784
6784
6828
6828
6828
6828
6828
6828
6828
6740
6740
6740
6740
6740
6740
6740
6740
6644
6644
6644
6644
6644
6644
6644
6600
6600
6600
6600
6600
6600
6600
6724
6724
6724
6724
6724
6724
6724
6724
6676
6676
6676
6676
6676
6676
6676
6552
6552
6552
6552
6552
6552
6552
6552
6628
6628
6628
6628
6628
6628
6628
6640
6640
6640
6640
6640
6640
6640
6640
6516
6516
6516
6516
6516
6516
6516
6508
6508
6508
6508
6508
6508
6508
6544
6544
6544
6544
6544
6544
6544
6544
6388
6388
6388
6388
6388
6388
6388
6440
6440
6440
6440
6440
6440
6440
6440
6396
6396
6396
6396
6396
6396
6396
6592
6592
6592
6592
6592
6592
6592
6592
6540
6540
6540
6540
6540
6540
6540
6508
6508
6508
6508
6508
6508
6508
6680
6680
6680
6680
6680
6680
6680
6680
6616
6616
6616
6616
6616
6616
6616
6716
6716
6716
6716
6716
6716
6716
6716
6832
6832
6832
6832
6832
6832
6832
6952
6952
6952
6952
6952
6952
6952
6952
7016
7016
7016
7016
7016
7016
7016
7156
7156
7156
7156
7156
7156
7156
7200
7200
7200
7200
7200
7200
7200
7200
7356
7356
7356
7356
7356
7356
7356
7344
7344
7344
7344
7344
7344
7344
7344
7452
7452
7452
7452
7452
7452
7452
7480
7480
7480
7480
7480
7480
7480
7480
7640
7640
7640
7640
7640
7640
7640
7724
7724
7724
7724
7724
7724
7724
7804
7804
7804
7804
7804
7804
7804
7804
7872
7872
7872
7872
7872
7872
7872
8036
8036
8036
8036
8036
8036
8036
8036
8212
8212
8212
8212
8212
8212
8212
8424
8424
8424
8424
8424
8424
8424
8512
8512
8512
8512
8512
8512
8512
8512
8572
8572
8572
8572
8572
8572
8572
8804
8804
8804
8804
8804
8804
8804
8804
9016
9016
9016
9016
9016
9016
9016
9232
9232
9232
9232
9232
9232
9232
9232
9472
9472
9472
9472
9472
9472
9472
9752
9752
9752
9752
9752
9752
9752
9864
9864
9864
9864
9864
9864
9864
9864
10064
10064
10064
10064
10064
10064
10064
10320
10320
10320
10320
10320
10320
10320
10320
10500
10500
10500
10500
10500
10500
10500
10608
10608
10608
10608
10608
10608
10608
10608
10764
10764
10764
10764
10764
10764
10764
11076
11076
11076
11076
11076
11076
11076
11252
11252
11252
11252
11252
11252
11252
11252
11220
11220
11220
11220
11220
11220
11220
11400
11400
11400
11400
11400
11400
11400
11400
11504
11504
11504
11504
11504
11504
11504
11680
11680
11680
11680
11680
11680
11680
11680
12016
12016
12016
12016
12016
12016
12016
11860
11860
11860
11860
11860
11860
11860
12040
12040
12040
12040
12040
12040
12040
12040
12180
12180
12180
12180
12180
12180
12180
12360
12360
12360
12360
12360
12360
12360
12360
12456
12456
12456
12456
12456
12456
12456
12724
12724
12724
12724
12724
12724
12724
12724
12900
12900
12900
12900
12900
12900
12900
12972
12972
12972
12972
12972
12972
12972
13060
13060
13060
13060
13060
13060
13060
13060
13300
13300
13300
13300
13300
13300
13300
13448
13448
13448
13448
13448
13448
13448
13448
13620
13620
13620
13620
13620
13620
13620
13856
13856
13856
13856
13856
13856
13856
13908
13908
13908
13908
13908
13908
13908
13908
14108
14108
14108
14108
14108
14108
14108
14292
14292
14292
14292
14292
14292
14292
14292
14596
14596
14596
14596
14596
14596
14596
14824
14824
14824
14824
14824
14824
14824
14824
15100
15100
15100
15100
15100
15100
15100
15280
15280
15280
15280
15280
15280
15280
15552
15552
15552
15552
15552
15552
15552
15552
15772
15772
15772
15772
15772
15772
15772
15984
15984
15984
15984
15984
15984
15984
15984
16320
16320
16320
16320
16320
16320
16320
16424
16424
16424
16424
16424
16424
16424
16424
16732
16732
16732
16732
16732
16732
16732
16988
16988
16988
16988
16988
16988
16988
17268
17268
17268
17268
17268
17268
17268
17268
17420
17420
17420
17420
17420
17420
17420
17632
17632
17632
17632
17632
17632
17632
17632
17860
17860
17860
17860
17860
17860
17860
18012
18012
18012
18012
18012
18012
18012
18012
18128
18128
18128
18128
18128
18128
18128
18312
18312
18312
18312
18312
18312
18312
18544
18544
18544
18544
18544
18544
18544
18544
18604
18604
18604
18604
18604
18604
18604
18840
18840
18840
18840
18840
18840
18840
18840
18964
18964
18964
18964
18964
18964
18964
19060
19060
19060
19060
19060
19060
19060
19060
19296
19296
19296
19296
19296
19296
19296
19400
19400
19400
19400
19400
19400
19400
19448
19448
19448
19448
19448
19448
19448
19448
19556
19556
19556
19556
19556
19556
19556
19688
19688
19688
19688
19688
19688
19688
19688
19720
19720
19720
19720
19720
19720
19720
19896
19896
19896
19896
19896
19896
19896
20100
20100
20100
20100
20100
20100
20100
20100
20088
20088
20088
20088
20088
20088
20088
20096
20096
20096
20096
20096
20096
20096
20096
20208
20208
20208
20208
20208
20208
20208
20192
20192
20192
20192
20192
20192
20192
20192
20316
20316
20316
20316
20316
20316
20316
20448
20448
20448
20448
20448
20448
20448
20492
20492
20492
20492
20492
20492
20492
20492
20444
20444
20444
20444
20444
20444
20444
20548
20548
20548
20548
20548
20548
20548
20548
20620
20620
20620
20620
20620
20620
20620
20816
20816
20816
20816
20816
20816
20816
20816
20860
20860
20860
20860
20860
20860
20860
20812
20812
20812
20812
20812
20812
20812
20916
20916
20916
20916
20916
20916
20916
20916
21092
21092
21092
21092
21092
21092
21092
21080
21080
21080
21080
21080
21080
21080
21080
21872
21872
21872
21872
21872
21872
21872
24048
24048
24048
24048
24048
24048
24048
18804
18804
18804
18804
18804
18804
18804
18804
26088
26088
26088
26088
26088
26088
26088
18280
18280
18280
18280
18280
18280
18280
18280
22316
22316
22316
22316
22316
22316
22316
21280
21280
21280
21280
21280
21280
21280
21280
19376
19376
19376
19376
19376
19376
19376
22360
22360
22360
22360
22360
22360
22360
22076
22076
22076
22076
22076
22076
22076
22076
21936
21936
21936
21936
21936
21936
21936
22232
22232
22232
22232
22232
22232
22232
22232
22688
22688
22688
22688
22688
22688
22688
23344
23344
23344
23344
23344
23344
23344
23344
23840
23840
23840
23840
23840
23840
23840
24572
24572
24572
24572
24572
24572
24572
22076
22076
22076
22076
22076
22076
22076
22076
24712
24712
24712
24712
24712
24712
24712
24560
24560
24560
24560
24560
24560
24560
24560
23916
23916
23916
23916
23916
23916
23916
23644
23644
23644
23644
23644
23644
23644
23644
24244
24244
24244
24244
24244
24244
24244
24536
24536
24536
24536
24536
24536
24536
23724
23724
23724
23724
23724
23724
23724
23724
24176
24176
24176
24176
24176
24176
24176
24636
24636
24636
24636
24636
24636
24636
24636
24548
24548
24548
24548
24548
24548
24548
24240
24240
24240
24240
24240
24240
24240
24352
24352
24352
24352
24352
24352
24352
24352
24072
24072
24072
24072
24072
24072
24072
24044
24044
24044
24044
24044
24044
24044
24044
24180
24180
24180
24180
24180
24180
24180
24208
24208
24208
24208
24208
24208
24208
24208
23976
23976
23976
23976
23976
23976
23976
24164
24164
24164
24164
24164
24164
24164
24232
24232
24232
24232
24232
24232
24232
24232
24268
24268
24268
24268
24268
24268
24268
24412
24412
24412
24412
24412
24412
24412
24412
24668
24668
24668
24668
24668
24668
24668
24808
24808
24808
24808
24808
24808
24808
24808
24616
24616
24616
24616
24616
24616
24616
24696
24696
24696
24696
24696
24696
24696
24724
24724
24724
24724
24724
24724
24724
24724
24756
24756
24756
24756
24756
24756
24756
24920
24920
24920
24920
24920
24920
24920
24920
24928
24928
24928
24928
24928
24928
24928
25168
25168
25168
25168
25168
25168
25168
25168
25168
25168
25168
25168
25168
25168
25168
25140
25140
25140
25140
25140
25140
25140
25168
25168
25168
25168
25168
25168
25168
25168
25220
25220
25220
25220
25220
25220
25220
25244
25244
25244
25244
25244
25244
25244
25244
25140
25140
25140
25140
25140
25140
25140
24988
24988
24988
24988
24988
24988
24988
24832
24832
24832
24832
24832
24832
24832
24832
24864
24864
24864
24864
24864
24864
24864
24868
24868
24868
24868
24868
24868
24868
24868
24780
24780
24780
24780
24780
24780
24780
24712
24712
24712
24712
24712
24712
24712
24712
24644
24644
24644
24644
24644
24644
24644
24628
24628
24628
24628
24628
24628
24628
24532
24532
24532
24532
24532
24532
24532
24532
24388
24388
24388
24388
24388
24388
24388
24308
24308
24308
24308
24308
24308
24308
24308
24272
24272
24272
24272
24272
24272
24272
24148
24148
24148
24148
24148
24148
24148
24148
24056
24056
24056
24056
24056
24056
24056
23864
23864
23864
23864
23864
23864
23864
23728
23728
23728
23728
23728
23728
23728
23728
23616
23616
23616
23616
23616
23616
23616
23556
23556
23556
23556
23556
23556
23556
23556
23556
23556
23556
23556
23556
23556
23556
23512
23512
23512
23512
23512
23512
23512
23512
23628
23628
23628
23628
23628
23628
23628
23520
23520
23520
23520
23520
23520
23520
23460
23460
23460
23460
23460
23460
23460
23460
23552
23552
23552
23552
23552
23552
23552
23612
23612
23612
23612
23612
23612
23612
23612
23476
23476
23476
23476
23476
23476
23476
23480
23480
23480
23480
23480
23480
23480
23488
23488
23488
23488
23488
23488
23488
23488
23336
23336
23336
23336
23336
23336
23336
23236
23236
23236
23236
23236
23236
23236
23236
23172
23172
23172
23172
23172
23172
23172
23148
23148
23148
23148
23148
23148
23148
23148
23192
23192
23192
23192
23192
23192
23192
23020
23020
23020
23020
23020
23020
23020
22808
22808
22808
22808
22808
22808
22808
22808
22636
22636
22636
22636
22636
22636
22636
22548
22548
22548
22548
22548
22548
22548
22548
22584
22584
22584
22584
22584
22584
22584
22420
22420
22420
22420
22420
22420
22420
22420
22424
22424
22424
22424
22424
22424
22424
22416
22416
22416
22416
22416
22416
22416
22284
22284
22284
22284
22284
22284
22284
22284
22220
22220
22220
22220
22220
22220
22220
22052
22052
22052
22052
22052
22052
22052
22052
22044
22044
22044
22044
22044
22044
22044
21840
21840
21840
21840
21840
21840
21840
21840
21912
21912
21912
21912
21912
21912
21912
21820
21820
21820
21820
21820
21820
21820
21848
21848
21848
21848
21848
21848
21848
21848
21744
21744
21744
21744
21744
21744
21744
21580
21580
21580
21580
21580
21580
21580
21580
21396
21396
21396
21396
21396
21396
21396
21352
21352
21352
21352
21352
21352
21352
21236
21236
21236
21236
21236
21236
21236
21236
21276
21276
21276
21276
21276
21276
21276
21232
21232
21232
21232
21232
21232
21232
21232
21200
21200
21200
21200
21200
21200
21200
21192
21192
21192
21192
21192
21192
21192
21192
21212
21212
21212
21212
21212
21212
21212
21144
21144
21144
21144
21144
21144
21144
21108
21108
21108
21108
21108
21108
21108
21108
21196
21196
21196
21196
21196
21196
21196
21260
21260
21260
21260
21260
21260
21260
21260
19904
19904
19904
19904
19904
19904
19904
21856
21856
21856
21856
21856
21856
21856
21856
22416
22416
22416
22416
22416
22416
22416
20864
20864
20864
20864
20864
20864
20864
21340
21340
21340
21340
21340
21340
21340
21340
20784
20784
20784
20784
20784
20784
20784
20648
20648
20648
20648
20648
20648
20648
20648
21868
21868
21868
21868
21868
21868
21868
20660
20660
20660
20660
20660
20660
20660
20660
20424
20424
20424
20424
20424
20424
20424
20452
20452
20452
20452
20452
20452
20452
20240
20240
20240
20240
20240
20240
20240
20240
20560
20560
20560
20560
20560
20560
20560
20120
20120
20120
20120
20120
20120
20120
20120
19896
19896
19896
19896
19896
19896
19896
19932
19932
19932
19932
19932
19932
19932
19932
19712
19712
19712
19712
19712
19712
19712
19656
19656
19656
19656
19656
19656
19656
19308
19308
19308
19308
19308
19308
19308
19308
19144
19144
19144
19144
19144
19144
19144
19220
19220
19220
19220
19220
19220
19220
19220
18972
18972
18972
18972
18972
18972
18972
18524
18524
18524
18524
18524
18524
18524
18360
18360
18360
18360
18360
18360
18360
18360
18112
18112
18112
18112
18112
18112
18112
18036
18036
18036
18036
18036
18036
18036
18036
17976
17976
17976
17976
17976
17976
17976
17752
17752
17752
17752
17752
17752
17752
17752
17476
17476
17476
17476
17476
17476
17476
17416
17416
17416
17416
17416
17416
17416
17152
17152
17152
17152
17152
17152
17152
17152
16848
16848
16848
16848
16848
16848
16848
16712
16712
16712
16712
16712
16712
16712
16712
16668
16668
16668
16668
16668
16668
16668
16464
16464
16464
16464
16464
16464
16464
16464
16344
16344
16344
16344
16344
16344
16344
16332
16332
16332
16332
16332
16332
16332
16140
16140
16140
16140
16140
16140
16140
16140
15928
15928
15928
15928
15928
15928
15928
15784
15784
15784
15784
15784
15784
15784
15784
15716
15716
15716
15716
15716
15716
15716
15584
15584
15584
15584
15584
15584
15584
15584
15428
15428
15428
15428
15428
15428
15428
15224
15224
15224
15224
15224
15224
15224
15052
15052
15052
15052
15052
15052
15052
15052
14836
14836
14836
14836
14836
14836
14836
14808
14808
14808
14808
14808
14808
14808
14808
14604
14604
14604
14604
14604
14604
14604
14480
14480
14480
14480
14480
14480
14480
14508
14508
14508
14508
14508
14508
14508
14508
14496
14496
14496
14496
14496
14496
14496
14528
14528
14528
14528
14528
14528
14528
14528
14524
14524
14524
14524
14524
14524
14524
14368
14368
14368
14368
14368
14368
14368
14368
14304
14304
14304
14304
14304
14304
14304
14168
14168
14168
14168
14168
14168
14168
14060
14060
14060
14060
14060
14060
14060
14060
13884
13884
13884
13884
13884
13884
13884
13880
13880
13880
13880
13880
13880
13880
13880
13760
13760
13760
13760
13760
13760
13760
13620
13620
13620
13620
13620
13620
13620
13620
13540
13540
13540
13540
13540
13540
13540
13188
13188
13188
13188
13188
13188
13188
13088
13088
13088
13088
13088
13088
13088
13088
13232
13232
13232
13232
13232
13232
13232
13132
13132
13132
13132
13132
13132
13132
13132
13128
13128
13128
13128
13128
13128
13128
12928
12928
12928
12928
12928
12928
12928
12928
12928
12928
12928
12928
12928
12928
12928
12844
12844
12844
12844
12844
12844
12844
12748
12748
12748
12748
12748
12748
12748
12748
12684
12684
12684
12684
12684
12684
12684
12468
12468
12468
12468
12468
12468
12468
12468
12412
12412
12412
12412
12412
12412
12412
12384
12384
12384
12384
12384
12384
12384
12264
12264
12264
12264
12264
12264
12264
12264
12140
12140
12140
12140
12140
12140
12140
12084
12084
12084
12084
12084
12084
12084
12084
11940
11940
11940
11940
11940
11940
11940
11800
11800
11800
11800
11800
11800
11800
11800
11724
11724
11724
11724
11724
11724
11724
11696
11696
11696
11696
11696
11696
11696
11468
11468
11468
11468
11468
11468
11468
11468
11352
11352
11352
11352
11352
11352
11352
11436
11436
11436
11436
11436
11436
11436
11436
11452
11452
11452
11452
11452
11452
11452
11420
11420
11420
11420
11420
11420
11420
11420
11340
11340
11340
11340
11340
11340
11340
11188
11188
11188
11188
11188
11188
11188
11156
11156
11156
11156
11156
11156
11156
11156
11104
11104
11104
11104
11104
11104
11104
11008
11008
11008
11008
11008
11008
11008
11008
11004
11004
11004
11004
11004
11004
11004
10904
10904
10904
10904
10904
10904
10904
10836
10836
10836
10836
10836
10836
10836
10836
10832
10832
10832
10832
10832
10832
10832
10656
10656
10656
10656
10656
10656
10656
10656
10536
10536
10536
10536
10536
10536
10536
10496
10496
10496
10496
10496
10496
10496
10496
10512
10512
10512
10512
10512
10512
10512
10268
10268
10268
10268
10268
10268
10268
10128
10128
10128
10128
10128
10128
10128
10128
9912
9912
9912
9912
9912
9912
9912
9824
9824
9824
9824
9824
9824
9824
9824
9816
9816
9816
9816
9816
9816
9816
9584
9584
9584
9584
9584
9584
9584
9584
9316
9316
9316
9316
9316
9316
9316
9168
9168
9168
9168
9168
9168
9168
9068
9068
9068
9068
9068
9068
9068
9068
8980
8980
8980
8980
8980
8980
8980
8984
8984
8984
8984
8984
8984
8984
8984
8900
8900
8900
8900
8900
8900
8900
8828
8828
8828
8828
8828
8828
8828
8612
8612
8612
8612
8612
8612
8612
8612
8452
8452
8452
8452
8452
8452
8452
8408
8408
8408
8408
8408
8408
8408
8408
8236
8236
8236
8236
8236
8236
8236
8256
8256
8256
8256
8256
8256
8256
8256
8156
8156
8156
8156
8156
8156
8156
8028
8028
8028
8028
8028
8028
8028
7944
7944
7944
7944
7944
7944
7944
7944
7916
7916
7916
7916
7916
7916
7916
7960
7960
7960
7960
7960
7960
7960
7960
7892
7892
7892
7892
7892
7892
7892
7792
7792
7792
7792
7792
7792
7792
7792
7744
7744
7744
7744
7744
7744
7744
7556
7556
7556
7556
7556
7556
7556
7440
7440
7440
7440
7440
7440
7440
7440
7324
7324
7324
7324
7324
7324
7324
7264
7264
7264
7264
7264
7264
7264
7264
7148
7148
7148
7148
7148
7148
7148
7040
7040
7040
7040
7040
7040
7040
7040
6912
6912
6912
6912
6912
6912
6912
6760
6760
6760
6760
6760
6760
6760
6760
6760
6760
6760
6760
6760
6760
6760
6760
6760
6760
6760
6760
6760
6760
6716
6716
6716
6716
6716
6716
6716
6716
6500
6500
6500
6500
6500
6500
6500
6448
6448
6448
6448
6448
6448
6448
6392
6392
6392
6392
6392
6392
6392
6392
6300
6300
6300
6300
6300
6300
6300
6300
6300
6300
6300
6300
6300
6300
6300
6276
6276
6276
6276
6276
6276
6276
6300
6300
6300
6300
6300
6300
6300
6300
6368
6368
6368
6368
6368
6368
6368
6392
6392
6392
6392
6392
6392
6392
6412
6412
6412
6412
6412
6412
6412
6412
6520
6520
6520
6520
6520
6520
6520
6500
6500
6500
6500
6500
6500
6500
6500
6600
6600
6600
6600
6600
6600
6600
6520
6520
6520
6520
6520
6520
6520
6520
6356
6356
6356
6356
6356
6356
6356
6372
6372
6372
6372
6372
6372
6372
6392
6392
6392
6392
6392
6392
6392
6392
6228
6228
6228
6228
6228
6228
6228
6096
6096
6096
6096
6096
6096
6096
6096
6012
6012
6012
6012
6012
6012
6012
5968
5968
5968
5968
5968
5968
5968
5836
5836
5836
5836
5836
5836
5836
5836
5832
5832
5832
5832
5832
5832
5832
5756
5756
5756
5756
5756
5756
5756
5756
5588
5588
5588
5588
5588
5588
5588
5592
5592
5592
5592
5592
5592
5592
5592
5584
5584
5584
5584
5584
5584
5584
5684
5684
5684
5684
5684
5684
5684
5576
5576
5576
5576
5576
5576
5576
5576
5484
5484
5484
5484
5484
5484
5484
5232
5232
5232
5232
5232
5232
5232
5232
5096
5096
5096
5096
5096
5096
5096
5060
5060
5060
5060
5060
5060
5060
5060
4916
4916
4916
4916
4916
4916
4916
4880
4880
4880
4880
4880
4880
4880
4820
4820
4820
4820
4820
4820
4820
4820
4888
4888
4888
4888
4888
4888
4888
4772
4772
4772
4772
4772
4772
4772
4772
4712
4712
4712
4712
4712
4712
4712
4752
4752
4752
4752
4752
4752
4752
4752
4760
4760
4760
4760
4760
4760
4760
4764
4764
4764
4764
4764
4764
4764
4800
4800
4800
4800
4800
4800
4800
4800
4856
4856
4856
4856
4856
4856
4856
4820
4820
4820
4820
4820
4820
4820
4820
4852
4852
4852
4852
4852
4852
4852
4892
4892
4892
4892
4892
4892
4892
4820
4820
4820
4820
4820
4820
4820
4820
4976
4976
4976
4976
4976
4976
4976
4924
4924
4924
4924
4924
4924
4924
4924
4836
4836
4836
4836
4836
4836
4836
4984
4984
4984
4984
4984
4984
4984
4984
4996
4996
4996
4996
4996
4996
4996
4984
4984
4984
4984
4984
4984
4984
4964
4964
4964
4964
4964
4964
4964
4964
4916
4916
4916
4916
4916
4916
4916
5064
5064
5064
5064
5064
5064
5064
5064
5028
5028
5028
5028
5028
5028
5028
5004
5004
5004
5004
5004
5004
5004
5004
4964
4964
4964
4964
4964
4964
4964
5080
5080
5080
5080
5080
5080
5080
5036
5036
5036
5036
5036
5036
5036
5036
5000
5000
5000
5000
5000
5000
5000
4940
4940
4940
4940
4940
4940
4940
4940
4968
4968
4968
4968
4968
4968
4968
4980
4980
4980
4980
4980
4980
4980
5072
5072
5072
5072
5072
5072
5072
5072
5080
5080
5080
5080
5080
5080
5080
4752
4752
4752
4752
4752
4752
4752
4752
4700
4700
4700
4700
4700
4700
4700
4704
4704
4704
4704
4704
4704
4704
4704
4604
4604
4604
4604
4604
4604
4604
4608
4608
4608
4608
4608
4608
4608
4664
4664
4664
4664
4664
4664
4664
4664
4604
4604
4604
4604
4604
4604
4604
4680
4680
4680
4680
4680
4680
4680
4680
4760
4760
4760
4760
4760
4760
4760
4812
4812
4812
4812
4812
4812
4812
4812
4836
4836
4836
4836
4836
4836
4836
4888
4888
4888
4888
4888
4888
4888
4728
4728
4728
4728
4728
4728
4728
4728
4864
4864
4864
4864
4864
4864
4864
4812
4812
4812
4812
4812
4812
4812
4812
4780
4780
4780
4780
4780
4780
4780
4912
4912
4912
4912
4912
4912
4912
4912
4912
4912
4912
4912
4912
4912
4912
4924
4924
4924
4924
4924
4924
4924
4916
4916
4916
4916
4916
4916
4916
4916
4832
4832
4832
4832
4832
4832
4832
4804
4804
4804
4804
4804
4804
4804
4804
4804
4804
4804
4804
4804
4804
4804
5008
5008
5008
5008
5008
5008
5008
5112
5112
5112
5112
5112
5112
5112
5112
5024
5024
5024
5024
5024
5024
5024
5056
5056
5056
5056
5056
5056
5056
5056
5128
5128
5128
5128
5128
5128
5128
5368
5368
5368
5368
5368
5368
5368
5368
5384
5384
5384
5384
5384
5384
5384
5464
5464
5464
5464
5464
5464
5464
5560
5560
5560
5560
5560
5560
5560
5560
5608
5608
5608
5608
5608
5608
5608
5704
5704
5704
5704
5704
5704
5704
5704
5816
5816
5816
5816
5816
5816
5816
5960
5960
5960
5960
5960
5960
5960
6124
6124
6124
6124
6124
6124
6124
6124
6192
6192
6192
6192
6192
6192
6192
6284
6284
6284
6284
6284
6284
6284
6284
6552
6552
6552
6552
6552
6552
6552
6664
6664
6664
6664
6664
6664
6664
6664
6988
6988
6988
6988
6988
6988
6988
7184
7184
7184
7184
7184
7184
7184
7328
7328
7328
7328
7328
7328
7328
7328
7420
7420
7420
7420
7420
7420
7420
7836
7836
7836
7836
7836
7836
7836
7836
8144
8144
8144
8144
8144
8144
8144
8260
8260
8260
8260
8260
8260
8260
8260
8384
8384
8384
8384
8384
8384
8384
8596
8596
8596
8596
8596
8596
8596
8796
8796
8796
8796
8796
8796
8796
8796
8900
8900
8900
8900
8900
8900
8900
9184
9184
9184
9184
9184
9184
9184
9184
9424
9424
9424
9424
9424
9424
9424
9520
9520
9520
9520
9520
9520
9520
9520
9788
9788
9788
9788
9788
9788
9788
9940
9940
9940
9940
9940
9940
9940
10272
10272
10272
10272
10272
10272
10272
10272
10464
10464
10464
10464
10464
10464
10464
10664
10664
10664
10664
10664
10664
10664
10664
10888
10888
10888
10888
10888
10888
10888
11112
11112
11112
11112
11112
11112
11112
11432
11432
11432
11432
11432
11432
11432
11432
11756
11756
11756
11756
11756
11756
11756
11792
11792
11792
11792
11792
11792
11792
11792
11836
11836
11836
11836
11836
11836
11836
12056
12056
12056
12056
12056
12056
12056
12056
12268
12268
12268
12268
12268
12268
12268
12248
12248
12248
12248
12248
12248
12248
12500
12500
12500
12500
12500
12500
12500
12500
12660
12660
12660
12660
12660
12660
12660
12856
12856
12856
12856
12856
12856
12856
12856
12932
12932
12932
12932
12932
12932
12932
13144
13144
13144
13144
13144
13144
13144
13144
13384
13384
13384
13384
13384
13384
13384
13272
13272
13272
13272
13272
13272
13272
13408
13408
13408
13408
13408
13408
13408
13408
13548
13548
13548
13548
13548
13548
13548
13556
13556
13556
13556
13556
13556
13556
13556
13648
13648
13648
13648
13648
13648
13648
13804
13804
13804
13804
13804
13804
13804
13772
13772
13772
13772
13772
13772
13772
13772
13816
13816
13816
13816
13816
13816
13816
13788
13788
13788
13788
13788
13788
13788
13788
13864
13864
13864
13864
13864
13864
13864
13988
13988
13988
13988
13988
13988
13988
13988
13916
13916
13916
13916
13916
13916
13916
13928
13928
13928
13928
13928
13928
13928
13972
13972
13972
13972
13972
13972
13972
13972
13812
13812
13812
13812
13812
13812
13812
13948
13948
13948
13948
13948
13948
13948
13948
14084
14084
14084
14084
14084
14084
14084
14028
14028
14028
14028
14028
14028
14028
14028
13892
13892
13892
13892
13892
13892
13892
13924
13924
13924
13924
13924
13924
13924
13932
13932
13932
13932
13932
13932
13932
13932
14012
14012
14012
14012
14012
14012
14012
13872
13872
13872
13872
13872
13872
13872
13872
13840
13840
13840
13840
13840
13840
13840
13996
13996
13996
13996
13996
13996
13996
13996
13924
13924
13924
13924
13924
13924
13924
14048
14048
14048
14048
14048
14048
14048
14128
14128
14128
14128
14128
14128
14128
14128
14108
14108
14108
14108
14108
14108
14108
14216
14216
14216
14216
14216
14216
14216
14216
14268
14268
14268
14268
14268
14268
14268
14468
14468
14468
14468
14468
14468
14468
14880
14880
14880
14880
14880
14880
14880
14880
15104
15104
15104
15104
15104
15104
15104
15336
15336
15336
15336
15336
15336
15336
15336
15600
15600
15600
15600
15600
15600
15600
15908
15908
15908
15908
15908
15908
15908
15908
16184
16184
16184
16184
16184
16184
16184
16428
16428
16428
16428
16428
16428
16428
16676
16676
16676
16676
16676
16676
16676
16676
16984
16984
16984
16984
16984
16984
16984
17172
17172
17172
17172
17172
17172
17172
17172
17312
17312
17312
17312
17312
17312
17312
17496
17496
17496
17496
17496
17496
17496
17496
17588
17588
17588
17588
17588
17588
17588
17640
17640
17640
17640
17640
17640
17640
17820
17820
17820
17820
17820
17820
17820
17820
17928
17928
17928
17928
17928
17928
17928
18184
18184
18184
18184
18184
18184
18184
18184
18284
18284
18284
18284
18284
18284
18284
18476
18476
18476
18476
18476
18476
18476
18604
18604
18604
18604
18604
18604
18604
18604
18700
18700
18700
18700
18700
18700
18700
18784
18784
18784
18784
18784
18784
18784
18784
18984
18984
18984
18984
18984
18984
18984
19060
19060
19060
19060
19060
19060
19060
19060
19200
19200
19200
19200
19200
19200
19200
19248
19248
19248
19248
19248
19248
19248
19440
19440
19440
19440
19440
19440
19440
19440
19468
19468
19468
19468
19468
19468
19468
19620
19620
19620
19620
19620
19620
19620
19620
19780
19780
19780
19780
19780
19780
19780
19672
19672
19672
19672
19672
19672
19672
19672
19780
19780
19780
19780
19780
19780
19780
19960
19960
19960
19960
19960
19960
19960
20208
20208
20208
20208
20208
20208
20208
20208
20376
20376
20376
20376
20376
20376
20376
20568
20568
20568
20568
20568
20568
20568
20568
20696
20696
20696
20696
20696
20696
20696
20848
20848
20848
20848
20848
20848
20848
20848
20904
20904
20904
20904
20904
20904
20904
21112
21112
21112
21112
21112
21112
21112
21400
21400
21400
21400
21400
21400
21400
21400
21624
21624
21624
21624
21624
21624
21624
21752
21752
21752
21752
21752
21752
21752
21752
21804
21804
21804
21804
21804
21804
21804
22000
22000
22000
22000
22000
22000
22000
22000
22276
22276
22276
22276
22276
22276
22276
22372
22372
22372
22372
22372
22372
22372
22732
22732
22732
22732
22732
22732
22732
22732
22808
22808
22808
22808
22808
22808
22808
22912
22912
22912
22912
22912
22912
22912
22912
23124
23124
23124
23124
23124
23124
23124
23264
23264
23264
23264
23264
23264
23264
23264
23348
23348
23348
23348
23348
23348
23348
23428
23428
23428
23428
23428
23428
23428
23476
23476
23476
23476
23476
23476
23476
23476
24072
24072
24072
24072
24072
24072
24072
24936
24936
24936
24936
24936
24936
24936
24936
22372
22372
22372
22372
22372
22372
22372
26412
26412
26412
26412
26412
26412
26412
22312
22312
22312
22312
22312
22312
22312
22312
24616
24616
24616
24616
24616
24616
24616
23876
23876
23876
23876
23876
23876
23876
23876
23532
23532
23532
23532
23532
23532
23532
24812
24812
24812
24812
24812
24812
24812
24812
24088
24088
24088
24088
24088
24088
24088
24380
24380
24380
24380
24380
24380
24380
24560
24560
24560
24560
24560
24560
24560
24560
25032
25032
25032
25032
25032
25032
25032
25256
25256
25256
25256
25256
25256
25256
25256
25412
25412
25412
25412
25412
25412
25412
25928
25928
25928
25928
25928
25928
25928
25928
25824
25824
25824
25824
25824
25824
25824
25924
25924
25924
25924
25924
25924
25924
25884
25884
25884
25884
25884
25884
25884
25884
25716
25716
25716
25716
25716
25716
25716
25688
25688
25688
25688
25688
25688
25688
25688
25980
25980
25980
25980
25980
25980
25980
26180
26180
26180
26180
26180
26180
26180
25340
25340
25340
25340
25340
25340
25340
25340
25296
25296
25296
25296
25296
25296
25296
25784
25784
25784
25784
25784
25784
25784
25784
25992
25992
25992
25992
25992
25992
25992
25612
25612
25612
25612
25612
25612
25612
25612
25312
25312
25312