233.48 -52.39 0.28
535.68 -53.26 0.48
670.44 -49.71 0.53
769.13 -52.92 0.57
831.68 -44.85 0.70
906.94 -47.97 0.77
987.03 -48.72 0.77
1020.27 -53.13 0.79
1069.31 -53.92 0.89
1108.18 -52.99 0.93
1131.71 -52.98 1.07
1166.71 -53.32 0.92
1214.04 -53.11 1.15
1244.89 -50.11 1.18
1283.55 -45.77 1.14
1311.48 -47.45 1.10
1336.13 -51.03 1.29
1365.32 -54.61 1.40
1384.53 -51.46 1.46
1451.64 -53.43 1.54
1497.12 -53.64 1.54
1537.48 -50.36 1.70
1553.23 -49.80 1.75
1611.36 -53.34 1.74
1650.67 -53.99 1.85
1678.11 -54.30 2.00
1709.51 -53.21 1.96
1727.45 -53.50 1.99
1758.75 -53.10 2.10
1780.30 -53.21 2.11
1805.26 -54.20 2.31
1849.59 -52.19 2.25
1875.12 -52.01 2.25
1911.07 -54.79 2.48
1936.34 -53.09 2.48
1958.53 -52.41 2.60
1989.03 -54.17 2.66
2001.03 -50.55 2.79
2079.59 -49.82 2.75
2095.10 -50.81 2.90
2099.77 -52.88 3.01
2155.50 -52.99 3.03
2180.84 -55.66 3.05
2201.14 -54.74 3.30
2224.07 -54.67 3.36
2273.16 -48.16 3.40
2301.64 -46.84 3.54
2330.32 -47.74 3.58
2354.91 -48.79 3.61
2371.39 -51.90 3.82
2398.61 -51.22 3.91
2409.03 -50.29 4.07
2430.69 -51.63 4.04
2486.61 -49.96 4.08
2493.07 -50.73 4.12
2550.44 -49.44 4.42
2555.14 -52.29 4.53
2624.24 -52.55 4.55
2643.34 -50.55 4.65
2672.10 -51.94 4.70
2688.52 -48.01 4.76
2710.16 -51.12 4.82
2733.83 -51.42 4.89
2747.57 -52.25 5.09
2796.40 -52.18 5.18
2821.67 -52.00 5.29
2845.24 -52.92 5.14
2870.09 -51.61 5.43
2883.34 -51.56 5.56
2908.16 -50.25 5.70
2918.69 -49.83 5.75
2948.59 -48.44 5.96
2993.56 -51.85 5.94
3025.53 -52.44 6.09
3047.04 -51.43 6.10
3066.25 -51.05 6.32
3084.93 -44.23 6.29
3109.40 -43.94 6.66
3167.02 -48.83 6.76
3195.33 -46.76 6.70
3215.23 -50.04 6.86
3237.89 -50.88 6.82
3246.75 -48.53 6.99
3272.45 -49.76 6.97
3286.41 -50.00 7.15
3309.72 -50.27 7.35
3351.10 -51.27 7.57
3368.02 -49.45 7.37
3392.41 -50.23 7.33
3409.95 -49.47 7.66
3434.61 -48.68 7.99
3478.37 -48.34 8.02
3492.30 -49.61 7.99
3519.51 -48.24 8.18
3536.49 -49.32 8.06
3550.07 -46.95 8.42
3578.60 -48.16 8.64
3588.93 -48.54 8.81
3630.40 -48.78 8.95
3658.54 -48.59 9.00
3650.96 -47.55 9.02
3715.87 -46.47 9.16
3724.11 -48.22 9.39
3745.98 -48.07 9.33
3757.12 -47.66 9.52
3820.21 -47.15 9.63
3836.17 -48.57 9.87
3882.40 -48.46 10.22
3884.35 -47.74 10.10
3891.44 -47.83 10.06
3915.11 -48.01 10.34
3918.34 -47.08 10.51
3955.12 -45.43 10.47
3981.55 -46.41 10.50
4008.07 -46.96 10.63
4043.84 -47.01 10.78
4060.98 -47.63 11.08
4084.46 -47.18 11.05
4099.45 -47.84 11.46
4119.94 -45.93 11.31
4183.83 -47.37 11.72
4190.00 -44.44 11.42
4217.59 -46.01 11.83
4235.47 -45.62 12.18
4268.71 -46.78 12.15
4295.49 -46.35 12.45
4319.79 -45.62 12.26
4327.74 -46.25 12.57
4336.90 -45.39 12.75
4362.40 -44.55 12.80
4372.07 -44.73 12.86
4417.65 -46.10 13.34
4451.15 -44.71 13.44
4462.94 -44.75 13.25
4484.42 -45.22 13.54
4504.45 -45.03 13.53
4537.72 -44.99 13.67
4562.74 -43.96 14.06
4549.16 -46.04 14.17
4600.76 -45.89 14.49
4626.09 -45.43 14.10
4671.77 -45.32 14.14