127.00
127.00
126.81
126.79
126.76
126.71
126.69
126.54
126.52
126.44
126.49
126.45
126.49
126.57
126.52
126.44
126.49
126.45
126.43
126.29
126.22
126.15
126.12
126.08
125.99
125.99
125.96
125.99
125.99
125.89
125.84
125.87
125.91
125.91
125.94
125.91
125.82
125.70
125.68
125.63
125.58
125.53
125.42
125.59
125.64
125.62
125.54
125.43
125.38
125.31
125.30
125.29
125.28
125.30
125.26
125.31
125.27
125.14
124.98
124.92
124.83
124.86
124.71
124.66
124.64
124.62
124.69
124.73
124.71
124.66
124.64
124.55
124.50
124.52
124.50
124.49
124.47
124.40
124.41
124.34
124.39
124.41
124.37
124.32
124.34
124.43
124.45
124.40
124.42
124.37
124.36
124.32
124.31
124.24
124.26
124.13
124.22
124.24
124.27
124.20
124.13
124.03
124.06
124.15
124.12
124.14
124.29
124.41
124.62
124.85
125.23
125.66
126.20
126.82
127.45
128.15
128.84
129.44
130.17
130.85
131.51
132.31
133.08
133.95
134.77
135.46
135.98
136.42
136.81
137.16
137.37
137.68
137.81
137.97
138.04
138.04
138.19
138.22
138.12
138.11
138.05
138.04
138.14
138.07
138.04
137.94
137.85
137.82
137.73
137.71
137.72
137.48
137.40
137.39
137.22
137.25
137.14
136.98
136.83
136.68
136.56
136.36
136.13
136.06
136.03
136.06
136.15
136.27
136.51
136.71
137.07
137.56
138.08
138.58
139.15
139.83
140.56
141.23
141.91
142.60
143.33
144.16
144.94
145.66
146.17
146.67
146.99
147.30
147.39
147.53
147.58
147.62
147.57
147.65
147.59
147.51
147.28
147.21
147.11
146.89
146.76
146.52
146.32
146.12
146.05
145.77
145.53
145.45
145.22
144.96
144.80
144.59
144.39
144.28
144.02
143.77
143.62
143.35
143.12
142.81
142.59
142.39
142.06
141.90
141.81
141.63
141.21
140.98
140.67
140.49
140.23
140.00
139.69
139.51
139.31
139.14
138.95
138.79
138.68
138.44
138.30
138.07
137.82
137.70
137.52
137.41
137.18
136.99
136.67
136.46
136.29
136.19
136.03
135.90
135.78
135.41
135.27
135.14
134.89
134.73
134.62
134.29
134.18
134.02
133.77
133.59
133.45
133.37
133.30
133.26
133.22
133.05
132.83
132.74
132.53
132.39
132.13
132.16
132.03
131.78
131.75
131.60
131.43
131.35
131.25
131.08
130.99
130.96
130.80
130.75
130.57
130.58
130.47
130.36
130.16
130.06
129.90
129.81
129.69
129.80
129.65
129.60
129.45
129.41
129.33
129.32
129.28
129.11
128.95
128.89
128.83
128.75
128.63
128.58
128.56
128.60
128.55
128.57
128.46
128.47
128.40
128.26
128.22
128.06
127.99
127.93
127.87
127.75
127.79
127.76
127.68
127.78
127.60
127.52
127.41
127.49
127.41
127.43
127.39
127.37
127.27
127.32
127.16
127.12
127.24
127.14
127.17
127.19
127.12
127.15
127.27
127.17
127.23
127.16
127.09
126.96
127.03
126.96
126.87
126.78
126.72
126.73
126.68
126.81
126.85
126.82
126.89
126.86
126.78
126.69
126.70
126.68
126.62
126.64
126.58
126.50
126.49
126.57
126.61
126.59
126.54
126.59
126.63
126.64
126.72
126.73
126.70
126.68
126.75
126.73
126.80
126.78
126.81
126.73
126.80
126.80
126.69
126.63
126.64
126.78
126.91
126.95
126.98
126.82
126.86
126.80
126.87
127.09
127.12
127.06
127.02
127.05
127.08
127.24
127.17
127.16
127.22
127.27
127.23
127.32
127.40
127.45
127.41
127.36
127.29
127.25
127.37
127.42
127.53
127.42
127.34
127.37
127.39
127.28
127.27
127.11
127.20
127.10
127.06
127.06
127.06
127.06
126.99
126.96
127.03
127.12
127.15
127.27
127.29
127.22
127.24
127.14
127.14
127.07
126.91
126.85
126.89
126.80
126.83
126.78
126.75
126.76
126.67
126.62
126.63
126.65
126.63
126.61
126.56
126.51
126.43
126.38
126.34
126.27
126.23
126.28
126.27
126.23
126.29
126.41
126.33
126.29
126.22
126.34
126.26
126.22
126.28
126.36
126.57
126.77
127.03
127.40
127.80
128.33
128.92
129.67
130.21
130.83
131.49
132.16
133.07
133.84
134.60
135.49
136.38
137.21
137.86
138.33
138.73
139.02
139.33
139.57
139.77
139.81
139.88
140.01
140.04
139.97
140.01
139.94
139.85
139.76
139.64
139.53
139.42
139.34
139.21
139.08
138.82
138.64
138.59
138.51
138.28
138.11
137.95
137.77
137.59
137.41
137.27
137.08
136.86
136.70
136.49
136.35
136.22
136.12
136.14
136.23
136.41
136.75
137.13
137.53
137.98
138.48
139.03
139.56
140.20
140.85
141.45
142.22
142.99
143.74
144.56
145.23
145.75
146.14
146.54
146.74
146.94
147.03
147.06
147.06
147.00
146.93
146.84
146.78
146.60
146.43
146.23
146.06
145.81
145.63
145.49
145.44
145.21
144.86
144.64
144.37
144.20
144.01
143.70
143.46
143.26
143.06
142.78
142.63
142.45
142.25
142.02
141.93
141.71
141.44
141.15
140.95
140.70
140.62
140.51
140.40
140.14
140.01
139.76
139.61
139.49
139.29
139.03
138.75
138.57
138.49
138.26
138.12
138.03
137.87
137.72
137.44
137.18
137.11
137.01
136.86
136.64
136.59
136.45
136.34
136.24
136.01
135.89
135.70
135.52
135.35
135.15
134.99
134.87
134.68
134.57
134.43
134.35
134.28
134.08
134.05
133.98
133.83
133.71
133.65
133.48
133.37
133.36
133.31
133.12
132.83
132.84
132.75
132.60
132.46
132.38
132.34
132.14
132.10
132.04
131.85
131.82
131.77
131.55
131.51
131.55
131.50
131.46
131.22
131.06
131.06
131.03
130.84
130.81
130.88
130.85
130.70
130.77
130.78
130.66
130.52
130.44
130.49
130.28
130.12
129.99
129.96
129.96
129.87
129.68
129.57
129.52
129.41
129.33
129.45
129.34
129.24
129.07
129.10
129.07
129.07
128.97
128.91
128.82
128.85
128.89
128.86
128.93
128.84
128.78
128.82
128.73
128.55
128.53
128.58
128.53
128.42
128.28
128.30
128.29
128.29
128.18
128.05
128.08
128.02
127.92
127.86
127.80
127.84
127.88
127.79
127.89
127.80
127.80
127.72
127.76
127.58
127.50
127.48
127.59
127.48
127.43
127.51
127.47
127.33
127.25
127.28
127.17
127.11
127.10
127.01
127.13
127.13
127.19
127.18
127.24
127.26
127.22
127.31
127.27
127.51
127.52
127.66
127.58
127.66
127.76
127.77
127.68
127.60
127.70
128.09
127.99
128.02
127.90
127.78
127.66
127.70
127.58
127.57
127.61
127.65
127.70
127.64
127.65
127.73
127.70
127.65
127.54
127.58
127.50
127.80
127.74
127.69
127.76
127.67
127.68
127.66
127.55
127.47
127.36
127.26
127.15
127.31
127.30
127.29
127.28
127.11
127.08
127.11
127.01
126.98
126.95
126.89
126.80
126.71
126.62
126.73
126.68
126.72
126.66
126.64
126.50
126.48
126.34
126.46
126.50
126.65
126.59
126.54
126.53
126.48
126.43
126.42
126.44
126.36
126.26
126.31
126.30
126.26
126.25
126.28
126.36
126.51
126.49
126.35
126.28
126.33
126.41
126.49
126.51
126.53
126.26
126.13
126.12
126.09
126.05
126.08
125.96
125.93
125.87
125.87
125.87
125.81
125.85
125.79
125.80
125.81
125.78
125.73
125.73
125.68
125.63
125.58
125.65
125.66
125.71
125.53
125.51
125.59
125.63
125.83
126.12
126.52
127.00
127.41
127.96
128.49
129.04
129.73
130.39
131.03
131.85
132.54
133.30
134.07
134.95
135.86
136.67
137.40
137.95
138.36
138.54
138.80
139.09
139.40
139.57
139.62
139.82
139.85
139.86
139.89
139.96
139.99
139.87
139.84
139.88
139.82
139.76
139.67
139.53
139.48
139.37
139.42
139.38
139.27
139.20
139.16
138.94
138.91
138.82
138.73
138.52
138.47
138.18
137.98
137.89
137.77
137.75
137.69
137.79
138.14
138.48
138.88
139.32
139.81
140.25
140.90
141.53
142.07
142.70
143.49
144.35
145.12
145.89
146.71
147.44
148.02
148.49
148.85
149.16
149.41
149.52
149.66
149.70
149.68
149.69
149.57
149.40
149.33
149.16
149.03
148.87
148.66
148.54
148.28
147.99
147.86
147.65
147.53
147.30
147.23
146.91
146.66
146.45
146.19
145.99
145.71
145.47
145.18
144.92
144.67
144.50
144.23
144.04
143.78
143.54
143.46
143.32
143.09
143.00
142.90
142.56
142.29
142.16
141.94
141.78
141.51
141.34
141.17
140.95
140.67
140.39
140.10
139.91
139.66
139.46
139.41
139.18
138.92
138.80
138.62
138.41
138.27
138.08
137.83
137.64
137.40
137.27
137.13
137.04
136.91
136.79
136.61
136.49
136.32
136.28
136.15
136.08
135.89
135.77
135.46
135.32
135.13
135.00
134.90
134.81
134.69
134.70
134.59
134.44
134.40
134.29
134.31
134.18
133.92
133.86
133.90
133.87
133.56
133.45
133.47
133.42
133.38
133.18
133.08
132.98
132.83
132.77
132.72
132.51
132.43
132.35
132.28
132.27
132.20
132.22
132.22
131.96
132.05
132.02
131.96
131.93
131.84
131.78
131.79
131.79
131.77
131.65
131.41
131.40
131.20
131.19
131.41
131.27
131.20
131.07
131.03
130.97
131.09
131.09
131.15
131.12
130.96
130.86
130.87
130.68
130.82
130.67
130.65
130.63
130.70
130.77
130.62
130.67
130.49
130.44
130.43
130.45
130.31
130.24
130.23
130.28
130.21
130.08
130.02
129.95
129.95
129.96
129.83
129.81
129.69
129.67
129.55
129.53
129.39
129.35
129.46
129.48
129.34
129.27
129.26
129.19
129.24
129.24
129.29
129.28
129.12
129.24
129.14
128.98
128.88
128.83
128.77
128.90
128.87
128.78
128.66
128.64
128.53
128.61
128.74
128.69
128.76
128.68
128.62
128.73
128.61
128.72
128.76
128.86
128.83
128.74
128.78
128.73
128.80
128.90
128.96
128.93
129.06
128.93
128.97
129.03
129.06
129.15
129.18
129.11
128.95
128.89
128.83
128.77
128.75
128.66
128.74
128.75
128.72
128.64
128.71
128.72
128.79
128.77
128.71
128.63
128.61
128.68
128.60
128.55
128.59
128.64
128.74
128.81
128.79
128.86
128.89
128.90
128.81
128.78
128.76
128.70
128.80
128.87
128.88
128.76
128.92
128.77
128.71
128.63
128.54
128.56
128.48
128.34
128.20
128.20
128.16
128.15
128.15
128.05
128.11
128.08
128.14
128.07
128.13
128.16
128.25
128.15
128.11
128.14
128.10
128.16
128.25
128.12
128.08
127.99
127.95
127.99
127.80
127.87
127.84
127.85
128.32
128.87
129.44
130.11
130.73
131.46
132.20
132.94
133.79
134.51
135.43
136.36
137.22
138.03
138.62
139.19
139.59
139.89
140.08
140.20
140.41
140.56
140.67
140.80
140.93
140.93
140.94
141.00
140.97
140.81
140.73
140.61
140.59
140.51
140.40
140.32
140.16
140.06
140.00
139.90
139.81
139.72
139.54
139.53
139.51
139.40
139.29
139.19
138.97
138.78
138.73
138.73
138.74
138.47
138.67
138.93
139.25
139.55
139.94
140.38
140.90
141.47
142.14
142.82
143.48
144.28
145.02
145.74
146.56
147.45
148.15
148.93
149.50
149.82
150.17
150.36
150.59
150.86
150.83
150.87
150.84
150.69
150.57
150.46
150.29
150.09
149.90
149.75
149.57
149.30
149.17
148.98
148.82
148.58
148.40
148.17
147.95
147.70
147.43
147.19
146.91
146.57
146.30
146.04
145.82
145.54
145.25
145.05
144.83
144.62
144.44
144.15
143.89
143.61
143.38
143.11
142.83
142.71
142.44
142.27
142.23
141.91
141.72
141.58
141.37
141.08
140.95
140.76
140.55
140.38
140.34
140.08
139.82
139.64
139.46
139.36
139.19
139.00
139.00
138.78
138.60
138.39
138.35
138.18
137.96
137.74
137.59
137.45
137.31
137.27
137.16
137.03
136.85
136.79
136.76
136.55
136.50
136.33
136.20
136.00
135.97
135.72
135.57
135.49
135.35
135.28
135.24
135.01
134.95
134.80
134.71
134.62
134.54
134.49
134.42
134.31
134.11
133.95
133.80
133.74
133.53
133.30
133.10
133.06
132.78
132.79
132.73
132.62
132.41
132.30
132.04
132.01
131.95
131.82
131.77
131.62
131.60
131.52
131.47
131.30
131.20
131.13
131.06
130.84
130.81
130.79
130.67
130.52
130.51
130.30
130.33
130.32
130.18
130.11
130.11
130.11
129.98
129.92
129.92
129.86
129.96
129.96
129.96
129.84
129.87
129.84
129.72
129.61
129.59
129.57
129.52
129.63
129.55
129.53
129.51
129.62
129.54
129.43
129.35
129.28
129.30
129.26
129.10
129.03
128.94
128.82
128.79
128.61
128.56
128.51
128.43
128.39
128.34
128.18
128.05
128.08
128.04
127.88
127.89
127.77
127.65
127.69
127.70
127.65
127.53
127.58
127.59
127.61
127.65
127.69
127.58
127.53
127.45
127.50
127.39
127.28
127.18
127.14
127.11
127.04
126.91
126.76
126.67
126.68
126.63
126.58
126.69
126.70
126.80
126.93
126.90
126.91
127.00
126.91
126.97
126.97
126.88
126.79
126.92
126.96
126.96
126.93
127.02
127.05
127.05
126.96
126.80
126.90
126.94
126.85
127.04
127.10
127.13
127.19
127.15
127.08
127.14
127.11
127.07
127.07
127.04
126.94
126.88
126.88
126.98
127.11
127.23
127.13
127.15
127.21
127.27
127.23
127.32
127.37
127.36
127.44
127.55
127.72
127.82
127.80
127.74
127.84
127.94
128.04
128.00
127.94
127.98
127.91
127.88
127.95
127.86
127.86
127.84
127.94
127.84
127.91
127.88
127.76
127.67
127.72
127.66
127.64
127.53
127.51
127.46
127.42
127.44
127.39
127.35
127.31
127.30
127.26
127.34
127.27
127.42
127.50
127.42
127.41
127.33
127.29
127.19
127.21
127.14
127.17
127.10
127.22
127.28
127.36
127.48
127.46
127.45
127.37
127.24
127.29
127.38
127.52
127.78
128.10
128.48
128.96
129.59
130.22
130.81
131.41
132.12
132.83
133.65
134.41
135.24
136.05
136.83
137.68
138.37
139.05
139.61
140.03
140.43
140.73
140.99
141.09
141.18
141.30
141.47
141.43
141.41
141.46
141.45
141.40
141.24
141.20
141.03
140.94
140.85
140.76
140.61
140.62
140.54
140.43
140.32
140.12
139.90
139.75
139.66
139.49
139.25
139.15
138.99
138.93
138.68
138.63
138.51
138.47
138.39
138.47
138.58
138.78
138.98
139.41
139.90
140.34
140.83
141.37
141.95
142.55
143.22
143.99
144.74
145.56
146.48
147.22
147.90
148.46
148.89
149.26
149.47
149.59
149.72
149.73
149.74
149.72
149.66
149.64
149.56
149.45
149.15
148.99
148.74
148.63
148.36
148.13
147.90
147.69
147.51
147.21
146.96
146.74
146.53
146.36
146.16
145.93
145.65
145.41
145.18
144.90
144.74
144.50
144.39
144.04
143.85
143.54
143.37
143.17
142.97
142.73
142.61
142.37
142.17
141.95
141.79
141.67
141.56
141.36
141.19
141.03
140.87
140.72
140.57
140.43
140.29
140.09
140.03
139.81
139.66
139.54
139.34
139.26
139.19
139.03
138.97
138.91
138.72
138.64
138.52
138.48
138.43
138.38
138.28
138.11
137.99
137.92
137.89
137.80
137.78
137.66
137.36
137.35
137.21
137.17
136.95
136.76
136.65
136.44
136.39
136.29
136.18
136.05
135.86
135.71
135.60
135.48
135.38
135.27
135.20
135.10
134.91
134.76
134.64
134.56
134.38
134.21
134.11
134.05
133.98
134.05
134.01
133.79
133.71
133.65
133.51
133.46
133.32
133.28
132.99
132.90
132.74
132.66
132.73
132.58
132.50
132.36
132.23
132.09
131.90
131.78
131.85
131.89
131.64
131.59
131.41
131.28
131.24
131.10
131.16
130.94
130.88
130.76
130.61
130.75
130.82
130.76
130.64
130.59
130.51
130.53
130.60
130.46
130.26
130.16
129.96
129.81
129.72
129.57
129.49
129.41
129.34
129.45
129.35
129.27
129.14
129.10
128.97
128.85
128.79
128.64
128.65
128.60
128.65
128.72
128.63
128.71
128.72
128.73
128.80
128.77
128.72
128.66
128.55
128.56
128.51
128.37
128.24
128.26
128.22
128.18
128.08
128.08
128.08
128.04
128.04
127.89
127.95
127.86
127.96
127.96
127.87
127.96
127.90
127.84
127.82
127.70
127.58
127.63
127.64
127.46
127.26
127.31
127.15
127.05
127.14
127.14
126.95
126.95
126.95
126.95
126.86
126.80
126.87
126.75
126.69
126.77
126.84
126.78
126.69
126.83
126.86
126.77
126.75
126.85
126.89
126.95
126.95
126.86
126.80
126.75
126.79
126.73
126.74
126.87
126.75
126.79
126.92
126.83
126.77
126.87
126.82
126.95
127.04
127.01
127.13
127.25
127.31
127.36
127.35
127.46
127.42
127.53
127.61
127.65
127.72
127.67
127.74
127.75
127.73
127.71
127.84
127.88
127.88
127.76
127.92
128.08
128.17
128.04
128.13
128.13
128.06
128.06
128.22
128.33
128.29
128.22
128.34
128.42
128.32
128.24
128.39
128.35
128.34
128.33
128.38
128.52
128.63
128.71
128.75
128.79
128.79
128.83
128.87
128.87
128.75
128.73
128.80
128.80
128.68
128.76
128.73
128.71
128.63
128.64
128.43
128.54
128.62
128.69
128.83
128.96
129.08
129.36
129.73
130.08
130.42
130.91
131.47
132.11
132.80
133.40
134.23
135.00
135.82
136.60
137.33
138.04
138.88
139.64
140.09
140.55
141.07
141.47
141.80
142.03
142.21
142.30
142.16
142.19
142.12
142.18
142.18
142.11
142.04
142.13
142.00
141.97
141.94
141.73
141.70
141.65
141.44
141.43
141.26
141.03
140.94
140.78
140.66
140.46
140.35
140.18
140.05
139.83
139.59
139.50
139.27
139.20
139.10
139.03
139.03
139.22
139.43
139.70
139.99
140.36
140.88
141.42
141.84
142.51
143.15
143.80
144.43
145.17
145.94
146.76
147.54
148.21
148.71
149.06
149.40
149.58
149.81
149.82
149.88
149.89
149.86
149.80
149.68
149.57
149.39
149.26
149.19
149.06
148.83
148.59
148.35
148.22
147.83
147.53
147.32
147.09
146.75
146.54
146.30
146.07
145.82
145.61
145.50
145.20
144.85
144.51
144.34
144.05
143.83
143.64
143.40
143.17
142.98
142.79
142.46
142.32
142.06
141.90
141.68
141.44
141.24
141.08
140.95
140.80
140.46
140.19
140.00
139.88
139.63
139.39
139.16
138.97
138.81
138.66
138.45
138.25
138.15
137.99
137.80
137.62
137.45
137.31
137.27
137.19
137.13
137.00
136.93
136.81
136.72
136.55
136.43
136.23
136.07
135.94
135.76
135.67
135.56
135.44
135.40
135.32
135.16
135.03
134.81
134.75
134.82
134.80
134.68
134.56
134.45
134.34
134.33
134.23
134.00
134.03
134.00
133.88
133.63
133.49
133.31
133.21
133.05
133.05
132.86
132.80
132.68
132.60
132.55
132.53
132.42
132.44
132.30
132.20
132.13
132.19
132.09
132.12
132.08
132.08
132.14
132.07
132.01
131.91
131.85
131.83
131.83
131.71
131.69
131.73
131.58
131.53
131.58
131.75
131.57
131.58
131.53
131.48
131.38
131.30
131.26
131.19
131.15
131.12
130.93
130.93
130.90
130.93
130.90
130.78
130.73
130.67
130.59
130.57
130.58
130.66
130.64
130.65
130.63
130.67
130.62
130.57
130.43
130.51
130.30
130.29
130.16
130.22
130.09
130.08
130.14
130.17
130.16
130.03
130.06
129.91
129.72
129.51
129.34
129.27
129.16
129.35
129.21
129.11
129.14
128.85
128.86
128.77
128.68
128.69
128.61
128.53
128.38
128.40
128.30
128.23
128.22
128.09
127.96
127.87
127.78
127.72
127.67
127.55
127.54
127.46
127.50
127.43
127.54
127.49
127.38
127.28
127.39
127.41
127.30
127.23
127.19
127.09
127.03
126.93
126.90
126.81
126.73
126.64
126.71
126.66
126.64
126.75
126.78
126.95
127.07
127.07
127.26
127.19
127.12
127.05
127.05
127.05
127.02
127.02
127.14
127.04
126.95
127.01
127.04
127.13
127.13
126.97
126.88
126.97
126.91
126.92
126.92
126.86
126.86
126.96
126.96
126.90
126.84
126.75
126.82
126.83
126.77
126.72
126.79
126.79
126.89
127.05
127.02
127.18
127.17
127.29
127.25
127.37
127.36
127.44
127.46
127.57
127.49
127.50
127.49
127.53
127.45
127.47
127.49
127.44
127.43
127.51
127.59
127.57
127.61
127.53
127.45
127.47
127.45
127.35
127.34
127.26
127.44
127.58
127.85
128.10
128.60
129.08
129.58
130.06
130.59
131.20
131.85
132.51
133.24
134.05
134.86
135.64
136.44
137.30
138.13
138.75
139.23
139.66
140.01
140.26
140.50
140.68
140.78
140.88
141.01
141.13
141.04
141.00
140.94
140.94
140.82
140.76
140.61
140.50
140.42
140.28
140.18
140.11
139.99
139.89
139.68
139.56
139.39
139.31
139.21
139.02
138.86
138.71
138.53
138.32
138.16
137.97
137.75
137.72
137.70
137.74
137.91
138.04
138.32
138.62
139.00
139.50
139.96
140.46
140.98
141.54
142.15
142.77
143.43
144.20
145.10
145.88
146.54
147.24
147.64
147.93
148.12
148.30
148.39
148.34
148.27
148.29
148.29
148.15
148.15
147.95
147.83
147.71
147.63
147.45
147.19
146.93
146.75
146.47
146.24
146.01
145.70
145.49
145.16
144.88
144.69
144.36
144.25
144.09
143.93
143.56
143.29
142.94
142.69
142.48
142.15
141.93
141.71
141.38
141.12
140.86
140.62
140.19
140.00
139.69
139.48
139.18
139.02
138.83
138.43
138.23
138.10
137.94
137.78
137.60
137.49
137.29
137.09
137.02
137.02
136.80
136.65
136.60
136.43
136.32
136.15
135.99
136.02
135.90
135.71
135.54
135.39
135.29
135.15
134.99
134.90
134.84
134.63
134.48
134.44
134.36
134.16
134.12
133.90
133.75
133.69
133.52
133.41
133.36
133.23
133.13
133.15
133.15
132.96
132.89
132.84
132.65
132.48
132.49
132.26
132.19
132.12
131.99
131.99
131.74
131.78
131.66
131.52
131.56
131.42
131.25
131.21
131.21
131.07
131.07
130.94
130.82
130.80
130.77
130.68
130.69
130.64
130.56
130.45
130.37
130.20
130.01
129.95
130.01
130.04
130.04
130.10
130.07
130.03
130.03
129.84
129.85
129.73
129.67
129.59
129.51
129.46
129.48
129.50
129.54
129.56
129.57
129.55
129.47
129.52
129.60
129.64
129.53
129.42
129.41
129.46
129.41
129.24
129.17
129.13
129.22
129.31
129.24
129.36
129.41
129.18
129.08
129.17
129.16
129.19
129.25
129.30
129.32
129.31
129.27
129.39
129.38
129.43
129.38
129.40
129.29
129.38
129.21
129.24
129.20
129.10
129.16
129.06
128.99
128.87
128.87
128.78
128.63
128.58
128.63
128.67
128.52
128.57
128.65
128.59
128.48
128.56
128.51
128.56
128.70
128.61
128.50
128.42
128.35
128.21
128.11
128.08
127.92
127.86
127.83
127.71
127.78
127.85
127.76
127.74
127.68
127.66
127.42
127.32
127.28
127.33
127.35
127.25
127.14
127.23
127.26
127.25
127.27
127.33
127.22
127.12
127.09
127.02
127.08
127.05
127.05
127.02
126.92
126.99
126.99
127.08
127.02
127.02
126.92
126.92
126.77
126.75
126.69
126.79
126.83
126.81
126.75
126.76
126.73
126.68
126.75
126.73
126.67
126.81
126.75
126.95
127.01
126.92
126.98
127.05
127.04
126.98
127.08
127.10
127.07
127.13
127.25
127.37
127.36
127.22
127.28
127.24
127.35
127.34
127.36
127.41
127.46
127.42
127.47
127.36
127.32
127.21
127.24
127.32
127.41
127.46
127.57
127.68
127.69
127.66
127.58
127.56
127.61
127.71
127.63
127.73
127.62
127.60
127.49
127.47
127.52
127.56
127.52
127.47
127.36
127.44
127.30
127.23
127.19
127.25
127.37
127.54
127.78
127.97
128.38
128.62
129.10
129.66
130.17
130.72
131.39
132.10
132.75
133.48
134.37
135.20
136.07
136.78
137.45
138.18
138.62
139.06
139.34
139.65
139.81
140.10
140.25
140.31
140.45
140.32
140.27
140.36
140.32
140.31
140.17
140.17
140.07
139.88
139.82
139.70
139.58
139.50
139.33
139.26
139.03
138.84
138.82
138.73
138.55
138.41
138.27
138.14
138.01
137.76
137.73
137.65
137.53
137.46
137.41
137.46
137.48
137.56
137.88
138.45
138.84
139.28
139.71
140.31
141.05
141.74
142.47
143.26
144.04
144.88
145.63
146.46
147.13
147.78
148.26
148.69
149.07
149.35
149.50
149.58
149.56
149.63
149.61
149.47
149.33
149.35
149.28
149.24
149.04
149.01
148.85
148.70
148.59
148.44
148.18
147.95
147.83
147.52
147.32
147.15
146.90
146.68
146.54
146.36
146.17
145.97
145.66
145.52
145.28
145.05
144.80
144.62
144.38
144.15
143.99
143.83
143.62
143.38
143.15
142.96
142.84
142.65
142.48
142.34
142.14
141.98
141.82
141.67
141.49
141.32
141.19
141.06
140.93
140.81
140.66
140.39
140.28
140.15
139.89
139.68
139.44
139.27
139.13
138.91
138.82
138.73
138.52
138.47
138.21
138.08
137.98
137.86
137.67
137.53
137.51
137.31
137.30
137.16
137.10
136.97
136.84
136.72
136.58
136.46
136.26
136.22
136.06
135.90
135.75
135.60
135.46
135.35
135.24
135.17
135.11
135.04
134.98
134.91
134.85
134.77
134.65
134.50
134.36
134.26
134.12
133.96
133.87
133.84
133.79
133.67
133.58
133.47
133.30
133.17
132.97
132.98
132.82
132.58
132.43
132.33
132.28
132.31
132.17
132.01
131.76
131.70
131.65
131.63
131.49
131.53
131.52
131.41
131.49
131.50
131.36
131.26
131.09
131.09
131.06
130.96
130.90
130.93
130.87
130.85
130.76
130.67
130.59
130.60
130.52
130.44
130.43
130.29
130.19
130.09
130.11
129.96
129.99
130.08
130.11
130.04
129.92
129.89
129.89
129.93
129.87
129.65
129.76
129.76
129.80
129.56
129.57
129.34
129.39
129.38
129.36
129.23
129.25
129.15
129.08
129.14
129.05
128.95
128.92
128.86
128.80
128.87
128.72
128.67
128.52
128.50
128.55
128.47
128.30
128.23
128.16
128.18
128.30
128.26
128.13
128.19
128.06
127.99
127.87
127.93
128.03
128.03
128.12
128.06
128.02
127.96
128.05
128.08
128.11
128.02
127.89
127.77
127.81
127.81
127.85
127.95
127.98
127.92
127.83
127.83
127.96
128.03
128.03
127.96
128.00
127.93
127.90
127.84
127.72
127.76
127.87
127.87
127.84
127.85
127.85
128.01
127.89
127.80
127.68
127.72
127.82
127.89
127.99
127.86
127.80
127.90
128.00
127.88
127.79
127.70
127.71
127.81
127.85
128.01
128.01
128.01
127.95
128.04
128.20
128.16
128.28
128.43
128.51
128.49
128.63
128.71
128.78
128.85
128.79
128.80
128.90
128.93
128.78
128.88
128.79
128.83
128.86
129.02
129.08
129.21
129.14
129.13
129.19
129.09
129.03
128.84
128.84
128.82
128.79
128.77
128.77
128.91
128.91
128.91
128.98
128.82
128.86
128.77
128.71
128.66
128.76
128.71
128.72
128.51
128.43
128.29
128.16
128.22
128.27
128.26
128.35
128.37
128.42
128.53
128.76
129.12
129.58
130.06
130.59
131.23
131.91
132.54
133.15
133.89
134.61
135.44
136.24
137.10
137.95
138.79
139.45
139.97
140.38
140.65
140.88
141.10
141.19
141.37
141.45
141.53
141.52
141.47
141.42
141.35
141.24
141.08
141.01
140.89
140.83
140.71
140.56
140.39
140.25
140.12
139.99
139.90
139.68
139.47
139.33
139.13
138.94
138.76
138.58
138.47
138.20
137.94
137.79
137.67
137.53
137.42
137.34
137.42
137.50
137.77
138.03
138.49
138.95
139.39
139.87
140.54
141.17
141.89
142.52
143.16
144.03
144.90
145.62
146.32
147.00
147.50
147.83
148.11
148.24
148.23
148.28
148.18
148.27
148.17
148.10
147.97
147.94
147.88
147.79
147.55
147.31
147.24
147.01
146.76
146.43
146.22
146.06
145.81
145.50
145.14
144.92
144.77
144.62
144.38
144.15
143.89
143.71
143.50
143.30
143.04
142.69
142.48
142.03
141.75
141.57
141.33
141.04
140.85
140.58
140.34
140.14
139.82
139.58
139.37
139.11
138.83
138.58
138.38
138.21
138.17
137.98
137.76
137.42
137.13
136.97
136.78
136.70
136.55
136.38
136.18
135.98
135.80
135.71
135.56
135.58
135.40
135.39
135.25
135.24
135.05
134.98
134.89
134.89
134.77
134.66
134.67
134.55
134.44
134.30
134.17
133.97
133.88
133.64
133.55
133.50
133.39
133.38
133.25
133.08
133.02
132.89
132.80
132.74
132.69
132.57
132.49
132.42
132.15
132.09
132.11
131.99
131.92
131.77
131.75
131.75
131.67
131.58
131.50
131.43
131.47
131.40
131.35
131.37
131.39
131.35
131.21
131.05
130.99
130.99
130.93
130.77
130.78
130.79
130.79
130.64
130.53
130.48
130.50
130.42
130.28
130.21
130.23
130.29
130.25
129.99
130.02
130.02
129.96
129.87
129.84
129.66
129.61
129.71
129.75
129.63
129.58
129.47
129.30
129.26
129.38
129.40
129.29
129.25
129.15
129.14
129.08
128.98
129.04
128.95
128.89
128.80
128.68
128.59
128.58
128.65
128.54
128.46
128.35
128.25
128.24
128.20
128.13
128.06
128.03
127.94
127.88
127.88
128.01
127.88
127.82
127.80
127.84
127.84
127.94
127.97
127.88
127.98
128.01
128.01
128.04
128.13
128.00
127.91
127.79
127.67
127.65
127.63
127.51
127.47
127.58
127.62
127.67
127.68
127.59
127.57
127.46
127.57
127.49
127.48
127.46
127.42
127.53
127.51
127.53
127.64
127.52
127.57
127.46
127.41
127.43
127.35
127.53
127.64
127.56
127.66
127.67
127.72
127.60
127.64
127.62
127.54
127.46
127.48
127.49
127.57
127.56
127.44
127.40
127.29
127.38
127.24
127.30
127.51
127.43
127.51
127.65
127.56
127.45
127.44
127.33
127.29
127.31
127.21
127.14
127.14
127.10
127.10
127.06
126.97
126.91
127.03
127.13
127.12
127.12
127.05
127.02
126.92
126.86
126.78
126.78
126.82
126.79
126.80
126.81
126.78
126.91
127.04
127.07
127.19
127.19
127.18
127.08
127.11
127.14
127.26
127.25
127.21
127.17
127.11
127.04
126.95
126.82
126.95
127.02
127.08
127.33
127.69
128.08
128.57
129.06
129.59
130.10
130.66
131.29
132.00
132.72
133.57
134.31
135.14
136.01
136.82
137.70
138.49
139.07
139.54
139.87
140.25
140.52
140.78
140.98
141.07
141.20
141.16
141.12
141.09
141.02
140.86
140.77
140.72
140.60
140.46
140.32
140.18
139.99
139.87
139.75
139.63
139.52
139.37
139.14
139.01
138.92
138.70
138.53
138.35
138.31
138.05
137.96
137.89
137.71
137.75
137.66
137.64
137.87
138.10
138.28
138.62
139.03
139.44
139.93
140.52
141.01
141.60
142.30
142.88
143.54
144.34
145.11
145.89
146.64
147.34
147.95
148.27
148.48
148.59
148.73
148.86
148.83
148.78
148.69
148.54
148.40
148.23
148.10
148.00
147.91
147.79
147.57
147.34
147.14
146.89
146.61
146.40
146.36
146.13
145.84
145.60
145.33
145.04
144.82
144.64
144.37
144.14
143.97
143.76
143.39
143.10
142.91
142.66
142.45
142.28
142.08
141.77
141.59
141.38
141.15
141.02
140.77
140.65
140.51
140.34
140.08
139.95
139.82
139.74
139.43
139.23
139.10
138.81
138.63
138.36
138.16
137.82
137.63
137.49
137.32
137.21
136.96
136.74
136.62
136.54
136.34
136.29
136.10
136.00
135.84
135.69
135.58
135.50
135.48
135.40
135.17
135.01
134.82
134.70
134.65
134.57
134.36
134.26
134.16
133.99
133.93
133.78
133.66
133.55
133.53
133.51
133.46
133.42
133.25
133.18
133.27
133.23
133.19
133.09
133.15
133.05
133.02
132.80
132.81
132.78
132.79
132.79
132.77
132.59
132.51
132.49
132.16
132.19
132.15
132.02
131.99
131.93
131.90
131.87
131.75
131.57
131.37
131.14
131.01
131.01
131.01
130.97
130.98
130.82
130.79
130.58
130.59
130.61
130.59
130.45
130.34
130.23
130.23
130.25
130.21
130.08
130.05
129.98
129.86
129.71
129.78
129.75
129.70
129.71
129.72
129.69
129.64
129.56
129.45
129.43
129.36
129.28
129.21
129.21
129.04
129.04
129.04
128.98
129.07
128.98
129.04
128.88
128.73
128.74
128.59
128.57
128.43
128.45
128.37
128.39
128.47
128.39
128.47
128.49
128.54
128.46
128.44
128.27
128.30
128.19
128.16
128.12
128.02
127.83
127.72
127.63
127.70
127.62
127.54
127.46
127.44
127.56
127.57
127.58
127.60
127.55
127.56
127.42
127.34
127.27
127.17
127.19
127.25
127.12
127.08
127.02
126.92
126.86
126.87
126.90
126.81
126.72
126.79
126.74
126.65
126.57
126.43
126.48
126.40
126.36
126.47
126.49
126.50
126.42
126.47
126.43
126.44
126.37
126.36
126.35
126.33
126.29
126.22
126.21
126.18
126.08
126.07
126.10
126.10
126.25
126.15
126.15
126.30
126.23
126.19
126.12
126.24
126.20
126.26
126.28
126.24
126.27
126.38
126.34
126.30
126.23
126.22
126.24
126.27
126.23
126.16
126.09
126.09
126.18
126.14
126.29
126.28
126.37
126.42
126.41
126.36
126.38
126.34
126.39
126.35
126.46
126.39
126.44
126.61
126.65
126.70
126.61
126.84
126.88
126.82
126.86
126.92
126.93
126.96
126.93
126.84
126.91
126.81
126.82
126.79
126.80
126.99
126.93
126.93
126.87
126.88
126.85
126.79
126.71
126.71
126.66
126.70
126.62
126.66
126.86
126.83
126.93
127.03
127.21
127.49
127.85
128.32
128.72
129.26
129.88
130.57
131.30
131.98
132.70
133.49
134.25
135.06
135.87
136.72
137.57
138.33
138.98
139.45
139.87
140.06
140.25
140.40
140.51
140.65
140.66
140.83
140.90
140.80
140.84
140.69
140.67
140.62
140.54
140.55
140.50
140.36
140.22
140.12
140.03
139.81
139.63
139.48
139.47
139.26
139.04
139.04
138.75
138.70
138.43
138.26
138.19
138.02
137.87
137.62
137.54
137.49
137.57
137.77
138.12
138.40
138.82
139.30
139.73
140.24
140.79
141.45
142.10
142.78
143.69
144.36
145.07
145.94
146.63
147.27
147.79
148.29
148.54
148.74
148.90
149.03
149.03
149.15
149.05
148.93
148.81
148.75
148.60
148.46
148.32
147.99
147.84
147.47
147.20
147.10
146.94
146.63
146.30
146.01
145.76
145.52
145.19
145.00
144.84
144.56
144.23
143.98
143.76
143.52
143.31
143.15
142.86
142.61
142.38
142.15
141.95
141.83
141.62
141.35
141.06
140.93
140.77
140.56
140.26
140.01
139.91
139.73
139.42
139.22
139.15
138.87
138.78
138.63
138.42
138.19
137.93
137.72
137.69
137.58
137.37
137.05
136.86
136.77
136.62
136.45
136.34
135.95
135.92
135.80
135.68
135.72
135.54
135.46
135.42
135.34
135.08
135.02
135.02
134.86
134.71
134.56
134.45
134.37
134.14
134.11
133.98
134.01
133.98
133.89
133.83
133.77
133.53
133.45
133.47
133.45
133.34
133.30
133.26
133.10
133.09
132.93
132.94
132.88
132.82
132.82
132.73
132.71
132.63
132.54
132.47
132.48
132.40
132.27
132.10
132.04
131.94
131.94
131.79
131.61
131.65
131.72
131.70
131.77
131.78
131.79
131.83
131.80
131.81
131.91
131.94
131.97
131.94
131.88
131.89
131.83
131.77
131.71
131.66
131.48
131.44
131.55
131.50
131.52
131.41
131.39
131.38
131.43
131.45
131.50
131.26
131.22
131.12
130.99
131.06
131.18
131.11
131.11
130.95
130.76
130.65
130.44
130.36
130.29
130.09
130.09
130.05
129.93
129.90
129.90
129.91
129.78
129.73
129.64
129.62
129.63
129.49
129.47
129.46
129.29
129.12
128.99
128.93
128.84
128.78
128.70
128.55
128.56
128.48
128.44
128.42
128.22
128.18
128.15
128.05
127.92
127.99
127.86
127.84
127.72
127.63
127.42
127.38
127.30
127.30
127.29
127.18
127.15
127.20
127.14
127.10
127.19
127.09
127.12
127.08
127.18
127.04
127.01
126.95
127.14
127.26
127.38
127.27
127.36
127.31
127.43
127.32
127.31
127.21
127.17
127.16
127.10
126.97
126.94
126.88
126.91
126.98
127.01
126.89
126.92
126.95
126.99
126.96
127.08
126.99
126.89
126.90
126.84
126.87
126.91
126.88
127.01
127.04
126.94
126.85
126.76
126.74
126.87
126.85
126.79
126.76
126.77
126.84
126.85
126.88
126.95
126.86
126.83
126.74
126.69
126.63
126.74
126.81
126.69
126.61
126.56
126.54
126.46
126.38
126.34
126.39
126.44
126.46
126.38
126.34
126.45
126.44
126.49
126.44
126.52
126.47
126.62
126.69
126.86
126.86
126.96
126.93
126.93
126.81
127.00
126.94
126.85
126.82
126.76
126.80
126.59
126.51
126.43
127.70
128.74
129.75
130.63
131.27
131.82
132.42
132.88
133.22
133.59
133.95
134.26
134.53
134.83
134.99
135.15
135.24
135.39
135.47
135.61
135.62
135.60
135.65
135.66
135.76
135.77
135.81
135.85
135.88
135.85
135.80
135.83
135.71
135.57
135.49
135.47
135.52
135.56
135.45
135.41
135.40
135.51
135.59
135.85
136.13
136.51
137.02
137.49
137.97
138.54
139.08
139.77
140.40
141.23
142.10
142.78
143.57
144.43
145.17
145.91
146.54
146.99
147.30
147.51
147.78
147.78
147.92
147.95
147.98
147.89
147.77
147.68
147.47
147.30
147.10
147.04
146.94
146.73
146.45
146.28
146.12
145.80
145.62
145.48
145.18
144.96
144.68
144.47
144.30
144.13
144.03
143.81
143.60
143.46
143.29
143.06
142.65
142.38
142.15
141.83
141.62
141.35
141.15
140.87
140.62
140.48
140.27
140.01
139.73
139.52
139.32
139.03
138.81
138.59
138.42
138.22
137.87
137.62
137.48
137.37
137.08
137.01
136.73
136.61
136.53
136.33
136.19
136.00
136.06
135.87
135.75
135.45
135.25
135.08
134.86
134.58
134.44
134.33
134.35
134.25
133.99
133.87
133.65
133.60
133.46
133.38
133.30
133.23
133.16
133.06
133.06
133.00
132.84
132.66
132.64
132.62
132.54
132.52
132.57
132.58
132.59
132.51
132.46
132.26
132.22
132.25
132.11
132.08
132.11
132.07
132.04
132.10
131.94
131.94
131.79
131.70
131.65
131.66
131.58
131.62
131.45
131.40
131.33
131.32
131.24
131.30
131.19
131.25
131.21
131.21
131.23
131.32
131.31
131.17
131.07
131.07
130.98
130.98
130.95
130.95
130.98
130.95
131.01
130.98
130.92
130.83
130.80
130.78
130.72
130.73
130.65
130.53
130.48
130.59
130.51
130.31
130.24
130.17
130.07
129.97
129.88
129.76
129.64
129.56
129.57
129.52
129.60
129.46
129.38
129.49
129.41
129.37
129.45
129.44
129.30
129.32
129.16
128.99
128.84
128.69
128.57
128.52
128.54
128.77
128.68
128.60
128.58
128.72
128.57
128.74
128.81
128.72
128.67
128.77
128.81
128.76
128.64
128.56
128.60
128.65
128.56
128.55
128.47
128.54
128.47
128.42
128.31
128.21
128.30
128.22
128.22
128.18
128.14
128.08
128.23
128.35
128.27
128.23
128.20
128.22
128.21
128.30
128.23
128.07
128.00
127.91
127.79
127.85
127.95
127.83
127.87
127.78
127.60
127.51
127.44
127.33
127.29
127.25
127.36
127.26
127.28
127.37
127.26
127.16
127.09
127.09
127.02
127.05
126.87
126.93
126.93
127.00
127.00
127.03
127.06
126.96
126.90
126.84
126.88
126.82
126.83
126.86
126.77
126.75
126.66
126.74
126.68
126.72
126.73
126.68
126.72
126.57
126.43
126.48
126.40
126.48
126.44
126.52
126.47
126.45
126.38
126.33
126.26
126.25
126.21
126.18
126.14
126.17
126.22
126.28
126.36
126.32
126.37
126.30
126.23
126.25
126.18
126.11
126.14
126.11
126.13
126.10
126.09
126.09
126.18
126.30
126.29
126.25
126.24
126.27
126.20
126.25
126.37
126.39
126.47
126.49
126.47
126.40
126.35
126.47
126.45
126.66
126.92
127.11
127.48
127.90
128.40
128.89
129.52
130.22
130.97
131.69
132.38
133.00
133.78
134.63
135.51
136.37
137.21
137.98
138.61
139.18
139.61
140.00
140.25
140.40
140.60
140.74
140.78
140.73
140.73
140.68
140.66
140.58
140.43
140.39
140.31
140.18
140.14
140.01
139.92
139.73
139.71
139.72
139.60
139.43
139.35
139.28
139.18
139.01
138.80
138.65
138.44
138.27
138.17
138.19
138.03
137.84
137.60
137.48
137.44
137.80
137.99
138.24
138.61
139.06
139.46
139.92
140.51
141.22
141.80
142.50
143.23
143.91
144.73
145.46
146.28
146.99
147.53
148.01
148.42
148.65
148.76
148.83
148.96
148.96
148.87
148.87
148.78
148.63
148.55
148.50
148.39
148.25
148.06
147.90
147.72
147.51
147.30
147.07
146.82
146.48
146.28
145.96
145.81
145.56
145.23
144.94
144.66
144.27
143.98
143.73
143.52
143.31
143.09
142.90
142.71
142.47
142.21
141.98
141.79
141.61
141.47
141.17
141.01
140.76
140.61
140.41
140.24
139.98
139.82
139.74
139.34
139.14
138.98
138.76
138.58
138.31
138.27
138.11
137.95
137.73
137.58
137.56
137.55
137.34
137.21
136.98
136.98
137.20
137.07
136.79
136.64
136.40
136.29
136.16
136.18
136.12
136.14
136.05
135.89
135.73
135.65
135.50
135.33
135.20
135.10
134.94
134.85
134.73
134.67
134.59
134.35
134.31
134.30
134.16
134.13
133.94
133.78
133.76
133.73
133.81
133.78
133.66
133.64
133.59
133.48
133.37
133.42
133.41
133.39
133.19
133.16
133.15
133.15
132.99
132.92
132.83
132.74
132.75
132.67
132.52
132.50
132.52
132.50
132.43
132.35
132.28
132.30
132.23
132.13
132.09
132.12
132.02
132.02
131.99
131.96
131.87