148.00
148.00
147.94
147.85
147.82
147.70
147.65
147.63
147.58
147.53
147.39
147.31
147.11
146.98
146.80
146.74
146.59
146.36
146.16
146.06
145.90
145.65
145.45
145.28
145.14
145.01
144.76
144.52
144.38
144.18
144.02
143.92
143.77
143.59
143.38
143.15
142.93
142.74
142.50
142.33
142.13
141.88
141.73
141.48
141.28
141.12
140.89
140.77
140.56
140.29
140.16
140.00
139.75
139.66
139.52
139.28
139.18
138.95
138.74
138.68
138.57
138.49
138.28
138.24
138.02
137.86
137.58
137.47
137.43
137.41
137.24
137.24
137.23
137.19
137.15
137.15
137.24
137.39
137.69
137.95
138.29
138.72
139.26
139.81
140.32
141.00
141.69
142.35
143.15
144.02
144.87
145.71
146.69
147.76
148.43
149.38
150.37
151.42
152.44
153.58
154.75
155.95
157.04
158.17
159.29
160.40
161.55
162.59
163.35
164.09
164.50
164.92
165.17
165.23
165.25
165.21
165.08
164.92
164.83
164.59
164.47
164.08
163.74
163.53
163.23
162.91
162.54
162.11
161.67
161.28
160.96
160.58
160.13
159.72
159.32
158.93
158.50
158.05
157.83
157.49
157.10
156.72
156.35
156.00
155.50
155.20
154.88
154.57
154.06
153.68
153.28
152.84
152.50
152.14
151.76
151.42
151.10
150.81
150.38
150.15
149.80
149.43
149.14
148.95
148.60
148.37
148.04
147.76
147.33
147.01
146.69
146.30
146.04
145.69
145.48
145.22
145.09
144.93
144.65
144.44
144.08
143.99
143.74
143.56
143.26
142.97
142.75
142.57
142.40
142.20
141.97
141.66
141.61
141.47
141.30
141.13
141.03
140.88
140.66
140.48
140.34
140.21
140.04
140.01
139.95
139.89
139.92
140.58
140.88
141.32
141.75
142.22
142.75
143.35
143.84
144.50
145.23
146.04
146.88
147.70
148.46
149.29
150.18
151.08
151.99
153.02
154.02
155.11
156.14
157.35
158.44
159.58
160.75
161.88
163.04
164.04
164.91
165.57
166.18
166.61
166.84
167.07
167.16
167.15
167.05
166.96
166.84
166.62
166.35
166.18
165.80
165.40
165.14
164.79
164.39
163.97
163.57
163.24
162.89
162.45
162.06
161.66
161.20
160.63
160.20
159.73
159.46
159.00
158.47
158.05
157.64
157.28
156.77
156.31
155.86
155.43
155.04
154.57
154.12
153.71
153.28
152.89
152.52
152.16
151.81
151.32
150.93
150.75
150.32
149.97
149.72
149.51
149.15
148.74
148.49
148.26
148.03
147.63
147.26
147.00
146.72
146.48
146.22
145.93
145.71
145.47
145.33
145.10
144.91
144.57
144.33
144.10
143.85
143.67
143.52
143.29
143.09
142.74
142.47
142.27
141.95
141.79
141.64
141.50
141.26
141.10
140.82
140.54
140.37
140.26
140.07
139.85
139.69
139.64
139.65
139.63
139.83
140.05
140.43
140.85
141.39
141.97
142.53
143.08
143.76
144.52
145.25
146.12
147.09
147.90
148.74
149.66
150.64
151.71
152.72
153.76
154.86
155.90
156.99
158.06
159.21
160.30
161.45
162.56
163.51
164.40
164.95
165.57
165.90
166.18
166.34
166.36
166.35
166.30
166.20
166.01
166.10
165.78
165.48
165.21
164.89
164.37
163.98
163.61
163.27
162.77
162.37
161.95
161.45
161.09
160.65
160.29
159.87
159.53
159.11
158.67
158.30
157.86
157.46
156.91
156.51
156.12
155.55
155.22
154.78
154.44
154.14
153.73
153.43
153.01
152.63
152.36
152.07
151.66
151.39
151.01
150.66
150.30
149.85
149.45
149.15
148.80
148.44
148.14
147.79
148.77
149.74
150.85
151.85
152.92
153.92
155.02
156.14
157.26
158.50
159.77
160.81
161.69
162.39
162.87
163.32
163.74
163.88
164.10
164.16
164.18
164.27
164.17
164.07
163.76
163.51
163.37
163.17
162.82
162.52
162.06
161.69
161.42
161.06
160.74
160.38
159.93
159.43
159.04
158.57
158.15
157.71
157.28
156.83
156.49
156.13
155.72
155.36
155.03
154.59
154.23
153.91
153.51
153.12
152.77
152.47
152.17
151.73
151.30
150.91
150.60
150.30
150.11
149.76
149.49
149.16
148.84
148.50
148.24
148.01
147.67
147.33
147.01
146.88
146.58
146.25
145.96
145.64
145.28
145.05
144.86
144.62
144.35
144.12
143.87
143.68
143.47
143.37
143.14
142.82
142.64
142.40
142.20
142.10
141.97
141.81
141.70
141.45
141.22
141.09
140.90
140.62
140.57
140.33
140.23
139.94
139.85
139.85
139.73
139.74
139.84
139.72
139.86
140.11
140.51
140.69
141.29
141.81
142.41
143.05
143.80
144.50
145.33
146.06
146.88
147.72
148.61
149.46
150.45
151.40
152.36
153.41
154.46
155.60
156.68
157.72
158.79
160.01
161.26
162.32
163.40
164.39
165.13
165.78
166.32
166.68
166.97
167.16
167.19
167.18
167.08
167.08
166.92
166.71
166.46
166.23
165.91
165.60
165.30
164.89
164.55
164.25
163.90
163.43
163.04
162.60
162.27
161.95
161.52
161.09
160.71
160.35
159.96
159.50
159.07
158.60
158.18
157.77
157.34
156.98
156.58
156.34
155.98
155.80
155.37
154.89
154.58
154.18
153.80
153.40
153.02
152.48
152.13
151.65
151.29
150.97
150.62
150.35
149.91
149.47
149.21
148.79
148.14
147.76
147.49
147.16
146.85
146.57
146.21
145.98
145.70
145.43
145.10
144.82
144.51
144.25
143.89
143.46
143.32
143.06
142.90
142.56
142.36
142.10
141.78
141.57
141.43
141.19
140.88
140.69
140.55
140.31
140.11
139.86
139.61
139.38
139.30
139.10
139.07
139.04
139.16
139.34
139.36
139.76
140.05
140.58
141.09
141.71
142.25
142.93
143.62
144.32
145.22
145.99
146.93
147.87
148.69
149.45
150.40
151.36
152.13
153.09
154.06
155.06
156.18
157.27
158.35
159.50
160.58
161.56
162.51
163.21
163.89
164.43
164.66
164.89
164.93
164.96
164.93
164.90
164.78
164.66
164.45
164.22
164.12
163.93
163.71
163.47
163.11
162.77
162.43
161.92
161.48
161.06
160.68
160.19
159.78
159.29
158.81
158.38
158.02
157.62
157.10
156.66
156.26
155.91
155.41
155.09
154.58
154.28
153.99
153.49
153.07
152.66
152.21
151.95
151.73
151.37
151.01
150.82
150.52
150.06
149.78
149.35
148.99
148.74
148.41
148.18
147.92
147.67
147.37
147.11
146.86
146.52
146.22
145.93
145.71
145.29
145.09
144.90
144.62
144.45
144.28
144.05
143.80
143.55
143.35
143.12
142.90
142.68
142.57
142.27
142.10
141.91
141.60
141.40
141.26
141.06
140.94
140.75
140.60
140.46
140.26
140.09
139.87
139.84
139.72
139.73
139.80
139.93
140.06
140.18
140.40
140.88
141.23
141.85
142.45
143.00
143.65
144.35
145.03
145.81
146.50
147.30
148.20
149.06
150.00
150.97
151.97
152.91
154.04
155.13
156.19
157.31
158.48
159.66
160.73
161.86
162.90
163.78
164.50
165.14
165.64
165.96
166.03
166.21
166.27
166.35
166.19
165.99
165.81
165.53
165.30
164.97
164.66
164.33
164.01
163.66
163.20
162.76
162.30
161.79
161.30
160.85
160.45
160.00
159.59
159.17
158.85
158.35
157.78
157.38
156.93
156.46
156.17
155.73
155.30
154.94
154.48
153.96
153.59
153.19
152.81
152.44
152.02
151.65
151.32
150.87
150.56
150.14
149.79
149.39
149.09
148.72
148.26
147.97
147.63
147.29
146.75
146.35
146.03
145.75
145.44
145.18
144.92
144.52
144.16
143.94
143.72
143.42
143.15
142.93
142.71
142.47
142.21
141.95
141.64
141.34
141.11
140.98
140.83
140.58
140.34
140.11
139.89
139.65
139.34
139.21
139.11
138.98
138.79
138.67
138.62
138.41
138.31
138.45
138.38
138.33
138.26
138.54
138.64
138.97
139.19
139.59
140.07
140.79
141.39
142.06
142.62
143.32
144.03
144.81
145.63
146.48
147.31
148.15
149.20
150.23
151.16
152.12
153.21
154.27
155.32
156.44
157.52
158.60
159.64
160.78
161.69
162.54
163.34
163.95
164.33
164.51
164.62
164.69
164.70
164.55
164.47
164.36
164.26
164.16
163.81
163.50
163.14
162.89
162.55
162.19
161.74
161.38
161.05
160.52
160.00
159.50
159.11
158.58
158.22
157.83
157.40
157.01
156.55
156.15
155.80
155.34
154.80
154.53
154.10
153.69
153.42
153.16
152.75
152.35
152.12
151.80
151.50
151.11
150.79
150.42
150.00
149.60
149.17
148.85
148.45
148.16
147.78
147.41
146.96
146.74
146.28
145.99
145.71
145.44
145.05
144.64
144.50
144.26
144.22
144.09
143.81
143.56
143.39
143.09
142.90
142.72
142.42
142.25
142.02
141.77
141.28
141.14
140.92
140.58
140.40
140.14
140.04
139.76
139.58
139.50
139.27
139.04
138.76
138.55
138.37
138.20
138.14
138.13
138.10
138.12
138.28
138.42
138.63
138.86
139.24
139.67
140.21
140.77
141.34
141.92
142.58
143.37
144.14
145.04
145.89
146.73
147.65
148.60
149.61
150.59
151.57
152.55
153.63
154.64
155.68
156.85
157.89
158.95
160.11
161.14
162.01
162.73
163.33
163.60
164.02
164.17
164.23
164.32
164.34
164.24
164.13
163.82
163.60
163.40
163.07
162.79
162.39
162.07
161.69
161.32
160.91
160.47
159.96
159.49
159.10
158.66
158.20
157.73
157.30
156.79
156.42
155.97
155.41
154.93
154.58
154.16
153.81
153.47
152.93
152.55
152.04
151.63
151.33
150.97
150.66
150.33
149.88
149.54
149.27
148.86
148.46
148.04
147.54
147.24
147.01
146.67
146.30
145.92
145.67
145.37
145.11
144.92
144.61
144.37
144.14
143.95
143.73
143.49
143.22
142.90
142.59
142.26
141.97
141.72
141.45
141.31
141.15
140.86
140.52
140.26
140.15
139.93
139.74
139.53
139.42
139.25
139.06
138.90
138.75
138.57
138.42
138.22
138.06
137.90
137.84
137.66
137.64
137.59
137.54
137.58
137.69
137.83
138.18
138.58
139.15
139.71
140.25
140.77
141.53
142.26
143.07
143.94
144.82
145.70
146.55
147.38
148.30
149.23
150.22
151.19
152.24
153.24
154.35
155.44
156.55
157.75
158.85
159.89
160.92
161.77
162.46
163.04
163.45
163.81
164.06
164.22
164.18
164.05
163.99
163.95
163.74
163.50
163.29
163.10
162.75
162.44
162.12
161.83
161.56
161.16
160.75
160.35
159.84
159.44
159.05
158.65
158.28
157.84
157.43
157.05
156.67
156.37
155.95
155.45
154.97
154.59
154.14
153.70
153.33
152.91
152.39
152.00
151.59
151.26
150.85
150.45
150.09
149.65
149.38
148.99
148.58
148.19
147.84
147.57
147.24
146.95
146.76
146.46
146.16
145.84
145.47
145.15
144.92
144.74
144.50
144.23
144.00
143.85
143.66
143.39
143.10
142.82
142.48
142.18
141.89
141.59
141.54
141.24
141.04
140.79
140.52
140.28
140.05
139.90
139.68
139.41
139.21
138.98
138.86
138.65
138.44
138.24
138.01
137.82
137.64
137.53
137.54
137.52
137.63
137.86
138.18
138.52
138.85
139.35
139.87
140.41
140.89
141.58
142.22
142.90
143.53
144.26
145.07
146.00
146.75
147.67
148.55
149.47
150.40
151.41
152.43
153.48
154.53
155.51
156.53
157.70
158.80
159.81
160.69
161.39
161.94
162.19
162.53
162.76
162.96
162.93
162.83
162.71
162.57
162.46
162.35
162.18
161.92
161.61
161.25
160.87
160.50
160.14
159.67
159.21
158.79
158.27
157.76
157.36
157.04
156.66
156.14
155.86
155.36
154.88
154.35
153.97
153.47
153.05
152.64
152.15
151.86
151.56
151.13
150.66
150.26
149.82
149.39
149.09
148.78
148.38
148.09
147.71
147.37
147.11
146.80
146.49
146.16
145.84
145.57
145.27
144.98
144.48
144.18
144.02
143.68
143.31
143.11
142.77
142.49
142.29
142.13
141.81
141.53
141.17
141.01
140.89
140.70
140.46
140.23
140.03
139.85
139.69
139.52
139.31
138.83
138.59
138.38
138.18
138.15
137.95
137.83
137.68
137.53
137.17
137.01
136.82
136.61
136.47
136.36
136.32
136.24
136.36
136.66
136.77
137.09
137.46
137.94
138.35
138.87
139.47
140.14
140.89
141.70
142.37
143.20
144.01
144.82
145.76
146.71
147.62
148.67
149.65
150.72
151.76
151.58
151.50
151.33
151.25
151.12
150.96
150.84
150.62
150.42
150.25
150.08
149.96
149.77
149.53
149.39
149.19
149.06
148.87
148.75
148.50
148.36
148.13
147.91
147.82
147.57
147.37
147.11
146.89
146.83
146.55
146.28
146.02
145.77
145.47
145.33
145.07
144.88
144.73
144.73
144.62
144.41
144.27
144.11
144.01
143.85
143.70
143.59
143.44
143.40
143.26
143.07
142.91
142.82
142.67
142.58
142.66
142.54
142.56
142.79
143.11
143.39
143.78
144.19
144.69
145.32
145.84
146.54
147.24
147.98
148.86
149.58
150.44
151.36
152.19
153.12
154.15
155.18
156.14
157.17
158.29
159.37
160.33
161.44
162.68
163.82
164.95
166.14
167.19
168.13
168.97
169.65
170.16
170.50
170.68
170.87
171.10
171.16
171.06
170.96
170.74
170.50
170.17
169.95
169.67
169.30
169.01
168.64
168.37
167.98
167.64
167.15
166.74
166.34
166.02
165.58
165.12
164.65
164.13
163.66
163.23
162.79
162.42
162.09
161.62
161.16
160.66
160.23
159.82
159.36
158.94
158.63
158.20
157.82
157.48
157.09
156.78
156.47
155.96
155.55
155.22
154.90
154.59
154.26
154.04
153.75
153.48
152.93
152.56
152.20
151.97
151.76
151.42
151.06
150.69
150.54
150.37
149.95
149.64
149.37
149.08
148.95
148.70
148.93
148.65
148.35
148.18
147.80
147.71
147.50
147.21
147.01
146.73
146.64
146.47
146.23
145.95
145.76
145.46
145.32
145.12
144.83
144.65
144.57
144.39
144.29
144.31
144.46
144.60
144.89
145.15
145.52
145.97
146.41
146.96
147.55
148.22
148.97
149.72
150.51
151.30
152.08
152.98
153.82
154.74
155.62
156.51
157.58
158.63
159.70
160.77
161.87
162.97
164.07
165.22
166.37
167.45
168.50
169.30
170.04
170.63
171.05
171.36
171.47
171.65
171.56
171.45
171.34
171.11
170.92
170.61
170.22
169.84
169.34
169.08
168.58
168.28
167.74
167.28
166.83
166.53
166.07
165.66
165.17
164.76
164.24
163.73
163.30
162.92
162.45
162.00
161.69
161.26
160.85
160.47
160.24
159.77
159.30
158.95
158.39
158.06
157.66
157.35
157.03
156.66
156.26
155.91
155.69
155.33
155.00
154.69
154.36
154.03
153.72
153.45
153.03
152.78
152.38
151.99
151.74
151.31
151.11
150.80
150.62
150.32
150.15
149.86
149.65
149.50
149.33
149.04
148.76
148.64
148.31
148.05
147.89
147.64
147.31
147.21
146.98
146.76
146.46
146.23
146.06
145.90
145.63
145.33
145.22
145.06
144.90
144.65
144.54
144.43
144.26
144.00
144.06
144.09
144.21
144.33
144.64
144.99
145.43
145.91
146.54
147.15
147.86
148.53
149.26
149.91
150.60
151.48
152.38
153.24
154.29
155.25
156.25
157.24
158.29
159.35
160.37
161.51
162.59
163.76
164.89
166.02
167.11
168.27
169.13
169.94
170.41
170.93
171.40
171.73
171.87
172.03
172.02
171.93
171.84
171.75
171.60
171.24
171.14
170.91
170.54
170.15
169.80
169.37
168.83
168.36
167.98
167.54
167.06
166.62
166.16
165.75
165.26
164.81
164.41
163.96
163.52
163.16
162.66
162.20
161.76
161.36
160.94
160.57
160.14
159.67
159.31
158.92
158.58
158.12
157.75
157.32
156.93
156.53
156.10
155.79
155.45
155.12
154.68
154.26
153.94
153.66
153.35
153.00
152.75
152.48
152.24
151.86
151.52
151.16
150.84
150.44
150.12
149.80
149.46
149.17
148.85
148.57
148.27
147.95
147.61
147.34
146.89
146.55
146.35
146.15
146.02
145.83
145.65
145.38
145.27
144.98
144.86
144.71
144.50
144.29
144.10
143.91
143.88
143.63
143.46
143.41
143.30
143.36
143.47
143.77
144.09
144.43
144.88
145.39
146.00
146.60
147.20
148.01
148.73
149.45
150.31
151.15
151.99
152.89
153.99
154.99
155.96
157.02
158.02
159.12
160.14
161.23
162.29
163.40
164.52
165.66
166.70
167.77
168.68
169.44
169.93
170.24
170.27
170.45
170.53
170.57
170.49
170.38
170.34
170.17
169.89
169.61
169.34
168.99
168.61
168.31
167.89
167.49
167.07
166.57
166.11
165.73
165.31
164.92
164.49
164.10
163.65
163.20
162.75
162.39
161.94
161.53
161.08
160.54
160.12
159.68
159.22
158.56
158.01
157.70
157.27
156.85
156.55
156.09
155.56
155.13
154.72
154.39
154.09
153.81
153.41
153.02
152.74
152.34
151.96
151.52
151.10
150.78
150.38
150.06
149.90
149.59
149.23
148.91
148.51
148.24
148.04
147.86
147.58
147.34
147.05
146.77
146.71
146.47
146.08
145.92
145.71
145.56
145.35
145.09
144.97
144.72
144.54
144.27
144.04
143.85
143.58
143.44
143.27
143.04
142.82
142.57
142.40
142.23
142.16
142.00
142.03
142.31
142.65
143.16
143.56
144.04
144.48
144.96
145.59
146.19
146.94
147.66
148.54
149.34
150.17
151.04
151.98
153.01
153.98
154.95
155.95
156.95
157.95
159.14
160.20
161.23
162.31
163.52
164.54
165.58
166.56
167.39
168.13
168.62
169.04
169.35
169.47
169.51
169.44
169.42
169.25
169.03
168.84
168.59
168.36
167.97
167.63
167.36
167.00
166.66
166.20
165.76
165.36
164.88
164.41
163.99
163.65
163.10
162.63
162.26
161.69
161.27
160.98
160.54
160.18
159.70
159.28
158.86
158.43
158.10
157.69
157.11
156.54
156.28
155.92
155.55
155.10
154.66
154.29
153.84
153.60
153.17
152.76
152.43
151.98
151.44
151.12
150.77
150.47
150.14
149.82
149.48
149.12
148.65
148.35
147.96
147.72
147.35
146.99
146.81
146.56
146.26
146.01
145.76
145.61
145.34
145.05
144.80
144.49
144.32
144.09
143.80
143.59
143.45
143.22
143.02
142.86
142.65
142.44
142.12
141.93
141.83
141.65
141.51
141.30
141.17
140.94
140.88
141.01
141.14
141.32
141.59
142.01
142.45
143.03
143.62
144.16
144.81
145.48
146.27
147.02
147.70
148.46
149.26
150.13
151.09
151.99
153.03
153.99
155.09
156.12
157.11
158.20
159.32
160.44
161.58
162.75
163.79
164.86
165.83
166.68
167.38
167.96
168.30
168.51
168.68
168.73
168.70
168.71
168.63
168.39
168.13
167.81
167.57
167.20
166.92
166.58
166.25
165.80
165.46
165.07
164.70
164.21
163.70
163.33
162.98
162.54
162.09
161.65
161.32
160.90
160.53
160.04
159.57
159.18
158.67
158.15
157.71
157.28
156.84
156.37
155.99
155.61
155.19
154.74
154.38
153.96
153.55
153.25
152.93
152.65
152.29
151.87
151.50
151.14
150.80
150.40
150.04
149.38
149.09
148.77
148.44
148.11
147.80
147.52
147.29
146.96
146.56
146.35
146.19
145.96
145.65
145.47
145.21
144.98
144.70
144.46
144.23
144.03
143.81
143.57
143.27
143.14
142.91
142.64
142.46
142.29
142.03
141.87
141.63
141.48
141.41
141.27
141.13
141.10
140.97
140.91
140.88
140.88
141.01
141.20
141.57
141.93
142.37
142.89
143.39
143.97
144.53
145.11
145.83
146.61
147.41
148.14
148.98
149.92
150.89
151.96
152.90
153.90
154.93
155.97
157.13
158.12
159.21
160.24
161.32
162.44
163.61
164.62
165.60
166.40
167.07
167.45
167.87
168.12
168.21
168.17
168.20
168.10
168.00
167.82
167.57
167.24
167.05
166.79
166.40
166.07
165.69
165.42
165.06
164.62
164.32
163.97
163.63
163.14
162.82
162.39
161.88
161.44
161.06
160.65
160.13
159.62
159.20
158.79
158.20
157.85
157.48
157.15
156.74
156.37
156.05
155.58
155.25
154.93
154.52
154.23
153.88
153.47
153.05
152.74
152.37
152.02
151.64
151.37
151.08
150.79
150.46
150.13
149.81
149.60
149.24
148.95
148.70
148.46
148.20
147.88
147.54
147.33
147.10
146.82
146.57
146.24
146.02
145.70
145.50
145.29
145.00
144.69
144.45
144.22
143.90
143.68
143.38
143.18
142.96
142.77
142.62
142.57
142.40
142.20
142.00
141.81
141.60
141.33
141.26
141.13
141.09
141.24
141.49
141.69
141.95
142.39
142.81
143.41
144.00
144.59
145.23
145.94
146.63
147.30
148.19
149.12
150.12
151.05
152.02
153.05
153.99
155.02
156.11
157.20
158.38
159.53
160.61
161.65
162.82
163.98
164.79
165.80
166.59
167.38
167.99
168.40
168.61
168.84
168.87
168.72
168.73
168.61
168.53
168.26
168.01
167.66
167.45
167.13
166.81
166.47
166.05
165.77
165.37
164.95
164.49
164.03
163.66
163.23
162.88
162.45
161.99
161.49
161.01
160.60
160.21
159.86
159.49
159.16
158.72
158.32
157.87
157.50
157.14
156.70
156.27
155.92
155.49
155.16
154.90
154.56
154.26
153.85
153.60
153.33
153.04
152.67
153.49
154.35
155.21
156.14
156.89
157.77
158.65
159.63
160.61
161.53
162.61
163.65
164.66
165.61
166.46
167.26
167.88
168.41
168.68
168.82
168.95
168.98
168.89
168.61
168.43
168.14
167.92
167.64
167.27
166.89
166.49
166.10
165.56
165.11
164.73
164.21
163.73
163.33
162.79
162.21
161.64
161.15
160.67
160.15
159.74
159.31
158.87
158.40
157.98
157.64
157.21
156.67
156.15
155.68
155.35
154.90
154.50
154.04
153.57
153.18
152.67
152.15
151.74
151.31
150.96
150.62
150.44
150.15
149.83
149.52
149.16
148.69
148.35
147.97
147.59
147.26
146.79
146.51
146.06
145.84
145.53
145.33
145.10
144.81
144.41
144.12
143.68
143.44
143.17
142.92
142.67
142.37
142.23
141.94
141.73
141.48
141.25
140.99
140.77
140.50
140.39
140.19
140.19
140.02
139.87
139.65
139.35
139.00
138.87
138.59
138.48
138.31
138.27
138.32
138.41
138.61
138.87
139.19
139.62
140.17
140.75
141.29
141.88
142.57
143.18
143.92
144.83
145.68
146.53
147.45
148.35
149.30
150.23
151.10
152.16
153.18
154.18
155.33
156.41
157.59
158.73
159.80
160.87
161.84
162.75
163.57
164.21
164.61
164.93
165.09
165.21
165.27
165.20
165.10
164.97
164.82
164.66
164.39
164.13
163.78
163.32
163.06
162.72
162.22
161.94
161.53
161.20
160.76
160.39
159.88
159.38
159.06
158.65
158.16
157.84
157.57
157.14
156.73
156.34
156.01
155.67
155.33
154.98
154.61
154.31
153.89
153.52
153.16
152.90
152.59
152.20
151.76
151.45
151.16
150.78
150.44
150.14
149.89
149.58
149.25
148.99
148.81
148.41
148.08
147.83
147.43
147.19
146.94
146.66
146.39
146.10
145.84
145.63
145.20
145.04
144.79
144.61
144.28
144.08
143.83
143.58
143.35
143.12
142.80
142.59
142.38
142.15
141.93
141.84
141.65
141.48
141.27
141.14
140.98
140.79
140.58
140.44
140.39
140.22
140.12
140.00
140.15
140.18
140.27
140.57
140.80
140.90
141.31
141.74
142.31
143.02
143.71
144.28
144.93
145.68
146.38
147.24
147.95
148.92
149.86
150.80
151.78
152.78
153.82
154.92
155.95
157.05
158.14
159.23
160.35
161.56
162.79
163.73
164.62
165.35
165.99
166.31
166.64
166.87
166.97
167.03
167.00
166.94
166.78
166.57
166.43
166.13
165.75
165.48
165.22
164.86
164.46
164.01
163.79
163.42
163.10
162.72
162.29
161.94
161.44
161.02
160.52
160.07
159.56
159.11
158.51
158.15
157.87
157.43
157.01
156.61
156.18
155.68
155.22
154.87
154.43
154.04
153.61
153.34
152.95
152.51
152.15
151.93
151.43
151.04
150.67
150.34
149.95
149.76
149.43
149.01
148.60
148.33
148.01
147.73
147.46
147.66
147.36
147.03
146.72
146.32
146.03
145.69
145.35
145.06
144.78
144.50
144.27
144.04
143.79
143.52
143.34
143.05
142.80
142.46
142.23
141.91
141.76
141.54
141.28
140.99
140.71
140.50
140.29
140.16
140.03
139.87
139.72
139.60
139.52
139.44
139.49
139.63
139.83
140.15
140.61
140.97
141.56
141.95
142.52
143.22
143.90
144.62
145.35
146.06
146.90
147.72
148.57
149.43
150.32
151.19
152.21
153.14
154.14
155.29
156.31
157.40
158.48
159.65
160.72
161.70
162.71
163.59
164.36
164.85
165.32
165.65
165.85
166.14
166.10
165.97
165.85
165.70
165.55
165.31
164.99
164.71
164.41
164.11
163.74
163.40
163.01
162.54
162.25
162.08
161.70
161.40
161.14
160.73
160.24
159.85
159.45
159.00
158.53
158.20
157.79
157.27
156.88
156.51
156.15
155.93
155.46
155.32
154.84
154.35
153.99
153.81
153.31
152.90
152.52
152.23
151.84
151.51
151.08
150.61
150.25
149.90
149.56
149.35
148.97
148.62
148.26
147.91
147.69
147.39
147.03
146.69
146.29
146.00
145.60
145.36
145.10
144.84
144.63
144.36
144.13
143.78
143.54
143.21
143.02
142.67
142.40
142.20
142.01
141.73
141.55
141.31
140.99
140.80
140.56
140.45
140.31
140.14
140.01
139.86
139.70
139.49
139.35
139.12
138.96
139.03
139.12
139.30
139.61
140.03
140.34
140.95
141.45
142.03
142.75
143.23
144.00
144.78
145.57
146.30
147.11
148.01
149.04
150.04
151.04
152.10
153.10
154.19
155.24
156.30
157.38
158.46
159.51
160.62
161.70
162.74
163.59
164.23
164.75
165.13
165.47
165.71
165.81
165.94
165.79
165.67
165.49
165.26
165.06
164.72
164.41
164.15
163.77
163.34
162.99
162.67
162.34
161.99
161.64
161.25
160.74
160.37
159.86
159.40
158.85
158.39
157.97
157.53
157.11
156.73
156.33
155.86
155.36
155.04
154.57
154.27
153.82
153.48
153.16
152.68
152.25
151.87
151.66
151.32
150.94
150.63
150.33
149.79
149.42
149.00
148.59
148.20
147.82
147.39
147.09
146.90
146.59
146.17
145.91
145.67
145.46
145.10
144.85
144.60
144.24
143.86
143.67
143.25
143.05
142.92
142.74
142.56
142.35
142.09
141.90
141.72
141.48
141.21
141.02
140.74
140.56
140.35
140.09
139.84
139.72
139.54
139.30
139.14
138.88
138.61
138.40
138.32
138.35
138.30
138.29
138.22
138.43
138.89
139.17
139.61
140.06
140.71
141.16
141.84
142.44
143.11
143.80
144.58
145.38
146.15
146.96
147.89
148.84
149.78
150.85
151.85
152.95
154.05
155.04
156.23
157.35
158.40
159.51
160.62
161.82
162.86
163.71
164.28
164.58
164.97
165.25
165.34
165.48
165.59
165.51
165.40
165.33
165.07
164.91
164.69
164.42
164.06
163.62
163.26
162.91
162.44
161.99
161.71
161.31
160.84
160.50
160.11
159.63
159.24
158.73
158.30
157.86
157.42
157.07
156.63
156.26
155.94
155.60
155.21
154.73
154.40
154.10
153.72
153.42
153.06
152.66
152.20
151.78
151.35
150.94
150.59
150.39
150.00
149.66
149.45
149.12
148.81
148.47
148.24
147.88
147.61
147.31
147.05
146.73
146.65
146.47
146.18
145.79
145.52
145.25
144.90
144.50
144.23
144.07
143.82
143.60
143.46
143.23
142.88
142.57
142.33
142.16
141.88
141.60
141.33
141.13
140.88
140.63
140.43
140.23
140.09
139.87
139.44
139.30
139.10
138.94
138.95
138.85
138.76
138.77
138.97
139.22
139.59
140.00
140.54
141.02
141.49
142.00
142.63
143.33
144.04
144.88
145.69
146.55
147.47
148.33
149.29
150.18
151.05
151.93
152.90
153.96
155.03
156.06
157.12
158.24
159.42
160.59
161.64
162.62
163.35
163.87
164.34
164.74
165.00
165.15
165.15
165.11
164.89
164.80
164.52
164.38
164.12
163.90
163.53
163.23
162.88
162.54
162.24
161.76
161.33
160.79
160.39
160.04
159.53
159.14
158.67
158.24
157.83
157.37
156.95
156.45
156.09
155.59
155.32
154.78
154.38
154.02
153.71
153.28
152.87
152.43
152.05
151.67
151.24
150.92
150.52
150.13
149.78
149.44
149.12
148.80
148.52
148.23
147.94
147.60
147.27
146.85
146.51
146.28
145.99
145.61
145.31
145.12
144.80
144.56
144.35
144.09
143.81
143.50
143.17
143.04
142.76
142.58
142.31
142.11
141.95
141.64
141.50
141.20
141.01
140.73
140.45
140.25
140.06
139.96
139.74
139.44
139.24
139.10
138.98
138.76
138.45
138.28
138.24
138.11
138.04
138.04
138.10
138.32
138.56
139.01
139.35
139.75
140.29
140.94
141.56
142.26
142.94
143.63
144.43
145.29
146.12
146.93
148.03
148.93
149.84
150.75
151.67
152.61
153.75
154.79
155.83
156.96
158.12
159.24
160.35
161.47
162.45
163.25
163.90
164.31
164.67
164.94
165.03
165.06
165.18
165.12
164.89
164.71
164.44
164.30
164.07
163.76
163.42
163.13
162.72
162.35
161.93
161.65
161.29
160.87
160.44
160.08
159.70
159.43
159.04
158.51
158.09
157.62
157.22
156.81
156.35
155.93
155.59
155.10
154.63
154.30
153.91
153.45
153.03
152.59
152.04
151.69
151.30
150.98
150.66
150.27
149.88
149.51
149.25
148.83
148.46
148.07
147.63
147.30
146.95
146.64
146.18
145.89
145.52
145.19
144.94
144.75
144.48
144.21
143.89
143.58
143.25
142.84
142.50
142.33
142.04
141.88
141.51
141.27
141.11
140.95
140.61
140.43
140.23
139.97
139.66
139.42
139.22
139.00
138.81
138.50
138.46
138.13
137.94
137.75
137.57
137.40
137.26
137.19
137.15
137.27
137.45
137.66
137.89
138.26
138.73
139.26
139.82
140.39
141.00
141.34
142.05
142.83
143.65
144.54
145.39
146.26
147.22
148.21
149.23
150.29
151.34
152.30
153.42
154.44
155.48
156.59
157.76
158.99
160.02
160.96
161.77
162.40
162.86
163.15
163.36
163.47
163.58
163.53
163.42
163.25
163.00
162.75
162.41
161.59
160.79
160.01
159.23
158.41
157.65
156.85
156.13
155.41
154.83
154.06
153.52
152.88
152.29
151.66
151.11
150.54
150.09
149.49
148.91
148.51
148.12
147.77
147.53
147.42
147.31
147.21
147.26
147.44
147.68
148.09
148.47
148.76
149.24
149.73
150.18
150.77
151.52
152.16
153.00
153.82
154.54
155.34
156.20
157.01
157.85
158.79
159.74
160.68
161.66
162.61
163.65
164.82
165.67
166.40
166.98
167.42
167.78
167.91
167.91
168.01
167.89
167.92
167.80
167.55
167.29
166.90
166.56
166.26
165.94
165.66
165.24
164.79
164.27
163.79
163.42
163.00
162.44
161.89
161.33
160.86
160.42
159.94
159.44
158.99
158.62
158.16
157.65
157.17
156.63
156.11
155.73
155.30
154.79
154.30
153.91
153.64
153.15
152.77
152.37
151.95
151.48
151.16
150.65
150.19
149.81
149.54
149.15
148.83
148.46
148.13
147.75
147.48
147.15
146.80
146.47
146.20
145.88
145.54
145.12
144.93
144.59
144.26
143.90
143.53
143.30
143.04
142.75
142.48
142.25
141.93
141.59
141.22
141.00
140.81
140.47
140.30
140.04
139.85
139.64
139.49
139.42
139.22
139.02
138.83
138.71
138.47
138.36
138.17
138.10
138.06
138.03
138.12
138.12
138.30
138.57
138.90
139.18
139.59
140.13
140.59
141.23
141.85
142.57
143.40
144.17
144.91
145.79
146.67
147.59
148.48
149.46
150.32
151.25
152.37
153.35
154.47
155.45
156.47
157.68
158.72
159.85
160.73
161.58
162.38
162.90
163.46
163.79
163.95
164.08
164.17
164.10
164.04
163.91
163.73
163.39
163.13
162.78
162.44
162.12
161.80
161.46
160.98
160.51
160.12
159.71
159.16
158.75
158.22
157.75
157.19
156.75
156.23
155.84
155.38
154.90
154.56
154.07
153.57
153.18
152.80
152.40
151.95
151.61
151.27
150.92
150.64
150.34
149.83
149.40
148.82
148.45
148.22
147.87
147.53
147.26
146.79
146.54
146.31
145.99
145.64
145.34
144.96
144.68
144.37
144.14
143.79
143.52
143.29
142.93
142.75
142.50
142.21
141.95
141.73
141.59
141.32
141.00
140.78
140.50
140.17
139.92
139.77
139.52
139.26
139.03
138.75
138.57
138.36
138.29
138.09
138.00
137.84
137.66
137.45
137.28
137.05
136.83
136.71
136.56
136.58
136.62
136.54
136.87
137.12
137.62
138.10
138.59
139.08
139.73
140.39
141.10
141.75
142.61
143.40
144.17
145.01
145.79
146.73
147.68
148.59
149.51
150.40
151.48
152.56
153.67
154.81
155.97
157.09
158.15
159.24
160.14
161.11
161.79
162.27
162.73
162.86
163.02
163.08
163.05
162.98
162.92
162.74
162.53
162.29
161.94
161.75
161.39
161.06
160.75
160.25
159.87
159.47
159.14
158.73
158.36
157.92
157.48
157.09
156.62
156.10
155.69
155.29
154.72
154.32
153.85
153.41
152.99
152.46
152.10
151.76
151.42
151.10
150.75
150.38
149.96
149.56
149.17
148.85
148.51
148.12
147.68
147.47
147.05
146.61
146.28
145.89
145.52
145.22
144.97
144.62
144.45
144.09
143.84
143.69
143.35
143.19
142.90
142.56
142.29
142.19
141.74
141.44
141.18
140.95
140.70
140.37
140.01
139.76
139.55
139.35
139.15
138.83
138.59
138.51
138.30
138.14
137.82
137.67
137.52
137.38
137.25
136.83
136.49
136.35
136.03
135.90
135.81
135.69
135.61
135.72
135.91
136.04
136.32
136.65
137.01
137.51
138.09
138.68
139.22
139.80
140.56
141.20
142.07
142.94
143.82
144.70
145.58
146.44
147.36
148.29
149.16
150.28
151.36
152.38
153.43
154.51
155.65
156.73
157.77
158.77
159.65
160.45
161.06
161.46
161.82
162.11
162.26
162.32
162.31
162.27
162.16
161.97
161.78
161.48
161.28
161.02
160.61
160.34
160.08
159.86
159.43
159.04
158.57
158.18
157.80
157.36
156.98
156.51
156.15
155.77
155.40
154.92
154.45
154.16
153.65
153.29
152.75
152.32
151.87
151.50
151.05
150.70
150.28
149.95
149.55
149.25
148.96
148.65
148.26
147.90
147.53
147.20
146.88
146.54
146.21
145.93
145.52
145.13
144.81
144.54
144.21
144.02
143.76
143.49
143.29
143.03
142.81
142.78
142.57
142.40
142.23
141.97
141.69
141.39
141.22
141.03
140.81
140.53
140.26
140.04
139.91
139.66
139.42
139.19
138.91
138.69
138.54
138.40
138.17
138.01
137.76
137.61
137.47
137.33
137.00
136.78
136.76
136.77
136.77
136.94
137.19
137.50
137.86
138.27
138.73
139.20
139.67
140.33
140.85
141.61
142.37
143.20
143.98
144.67
145.55
146.38
147.40
148.32
149.34
150.30
151.32
152.44
153.42
154.51
155.71
156.78
157.88
158.95
160.07
161.07
161.82
162.42
162.94
163.22
163.40
163.48
163.31
163.30
163.23
162.97
162.88
162.63
162.46
162.16
161.91
161.53
161.27
160.92
160.54
160.09
159.65
159.25
158.84
158.47
157.99
157.55
157.19
156.78
156.41
156.11
155.73
155.24
154.83
154.52
154.22
153.84
153.41
153.02
152.77
152.28
151.77
151.43
151.17
150.82
150.48
150.15
149.78
149.44
149.02
148.61
148.28
148.02
147.68
147.31
146.99
146.52
146.19
145.81
145.54
145.27
145.01
144.60
144.27
144.05
143.67
143.46
143.13
142.79
142.61
142.27
142.05
141.67
141.43
141.23
141.00
140.72
140.32
140.06
139.81
139.57
139.36
139.29
139.12
139.06
138.93
138.75
138.53
138.39
138.26
138.03
137.87
137.66
137.51
137.40
137.39
137.44
137.43
137.51
137.46
137.82
138.11
138.45
138.87
139.28
139.74
140.31
140.99
141.58
142.22
142.87
143.66
144.51
145.40
146.29
147.22
148.12
149.15
150.11
151.05
152.08
153.14
154.10
155.19
156.12
157.21
158.33
159.51
160.56
161.41
162.09
162.68
162.97
163.31
163.71
163.81
163.73
163.67
163.65
163.57
163.46
163.29
162.93
162.62
162.29
162.00
161.69
161.39
161.12
160.74
160.41
159.96
159.46
159.04
158.79
158.36
157.94
157.60
157.30
156.94
156.54
156.18
155.67
155.31
154.92
154.49
154.16
153.75
153.51
153.21
152.89
152.49
152.10
151.72
151.39
151.03
150.56
150.17
149.79
149.51
149.12
148.87
148.47
148.11
147.82
147.45
147.13
146.81
146.44
146.15
145.89
145.58
145.38
145.12
144.83
144.52
144.32
144.06
143.74
143.50
143.36
143.16
142.97
142.78
142.48
142.28
142.11
141.92
141.67
141.46
141.11
140.98
140.85
140.64
140.53
140.26
140.16
139.90
139.66
139.42
139.22
138.96
138.80
138.75
138.79
138.79
138.74
138.81
138.91
139.10
139.53
139.95
140.39
140.82
141.42
142.03
142.59
143.32
144.09
144.87
145.63
146.39
147.13
148.06
148.93
149.90
150.87
151.82
152.82
153.80
154.93
155.96
157.15
158.27
159.29
160.38
161.49
162.44
163.40
164.04
164.45
164.84
165.03
165.16
165.18
165.11
164.95
164.80
164.56
164.26
164.00
163.75
163.48
163.18
162.83
162.37
162.01
161.70
161.36
160.88
160.58
160.18
159.71
159.22
158.84
158.47
158.14
157.73
157.36
156.98
156.66
156.17
155.86
155.36
154.85
154.45
154.25
153.80
153.31
152.89
152.49
152.10
151.75
151.42
151.28
150.93
150.46
150.16
149.78
149.48
149.06
148.87
148.62
148.38
148.06
147.65
147.32
147.06
146.74
146.47
146.14
145.83
145.46
145.10
144.85
144.54
144.30
144.04
143.79
143.61
143.43
143.14
142.95
142.82
142.49
142.25
141.99
141.68
141.38
141.24
140.99
140.77
140.56
140.29
140.15
139.90
139.59
139.51
139.37
139.20
138.98
138.79
138.61
138.46
138.42
138.40
138.45
138.63
138.83
138.99
139.27
139.70
140.30
140.95
141.48
142.19
142.65
143.38
144.24
144.98
145.86
146.83
147.87
148.84
149.82
150.76
151.77
152.81
153.81
154.82
155.85
156.98
158.08
159.11
160.35
161.47
162.48
163.47
164.27
164.98
165.42
165.75
165.97
166.07
166.07
166.00
165.94
165.75
165.64
165.37
165.26
165.03
164.72
164.32
164.00
163.50
163.08
162.73
162.40
161.85
161.51
161.19
160.84
160.37
160.02
159.61
159.18
158.74
158.37
158.08
157.67
157.21
156.80
156.43
156.01
155.54
155.12
154.71
154.38
153.99
153.55
153.22
152.68
152.38
152.03
151.62
151.13
150.75
150.32
149.94
149.59
149.33
148.97
148.57
148.24
147.92
147.76
147.55
147.19
146.87
146.59
146.30
145.97
145.72
145.51
145.25
144.99
144.68
144.31
144.02
143.77
143.47
143.26
143.04
142.82
142.51
142.28
142.14
141.95
141.64
141.56
141.54
141.24
140.95
140.83
140.46
140.23
140.16
139.90
139.56
139.36
139.16
139.03
138.93
138.84
138.88
138.91
138.82
138.76
138.62
138.53
138.58
138.66
138.57
138.52
138.48
138.43
138.42
138.34
138.30
138.10
138.07
138.00
137.94
137.91
137.85
137.82
137.80
137.62
137.57
137.55
137.38
137.30
137.14
137.04
137.07
137.07
136.88
136.79
136.70
136.71
136.66
136.67
136.58
136.47
136.49
136.47
136.49
136.44
136.30
136.17
136.13
136.00
135.94
135.82
135.73
135.74
135.71
135.72
135.73
135.74
135.91
136.00
136.28
136.56
136.94
137.38
137.84
138.25
138.77
139.34
140.05
140.80
141.49
142.26
143.13
144.00
144.87
145.72
146.67
147.65
148.63
149.58
150.62
151.73
152.83
153.96
155.02
156.30
157.42
158.59
159.73
160.77
161.65
162.44
163.09
163.62
164.03
164.22
164.46
164.57
164.56
164.51
164.46
164.29
164.03
163.78
163.47
163.24
163.01
162.70
162.46
162.04
161.79
161.51
161.22
160.83
160.37
160.14
159.82
159.33
158.85
158.45
158.00
157.62
157.29
156.91
156.50
156.11
155.73
155.37
155.04
154.70
154.24
153.86
153.49
153.06
152.75
152.48
152.24
151.89
151.61
151.31
150.96
150.52
150.19
149.94
149.66
149.42
149.16
148.84
148.44
148.14
147.86
147.55
147.28
146.99
146.68
146.35
146.09
145.83
145.56
145.35
145.22
145.02
144.65
144.38
144.02
143.80
143.65
143.44
143.30
143.04
142.89
142.67
142.34
142.05
141.79
141.55
141.38
141.21
141.14
140.89
140.61
140.56
140.38
140.25
140.08
139.86
139.84
139.72
139.72
139.86
139.99
140.14
140.42
140.85
141.35
141.93
142.50
143.08
143.76
144.49
145.32
146.06
146.84
147.68
148.57
149.49
150.38
151.46
152.48
153.46
154.45
155.47
156.36
157.44
158.49
159.66
160.92
162.11
163.26
164.19
164.94
165.53
165.99
166.33
166.44
166.59
166.72
166.73
166.71
166.66
166.48
166.18
165.96
165.59
165.19
164.91
165.13
164.84
164.38
163.93
163.49
163.17
162.82
162.32
162.00
161.44
161.11
160.54
160.09
159.62
159.13
158.75
158.29
157.88
157.44
157.05
156.55
156.19
155.75
155.41
154.80
154.34
153.92
153.52
152.97
152.60
152.11
151.61
151.25
150.89
150.55
150.29
149.90
149.56
149.08
148.79
148.49
148.16
147.87
147.59
147.29
147.10
146.72
146.42
146.12
145.87
145.68
145.48
145.21
145.02
144.86
144.68
144.37
144.08
143.92
143.68
143.47
143.26
143.07
142.88
142.54
142.37
142.17
141.97
141.82
141.64
141.46
141.23
141.10
140.84
140.69
140.45
140.56
140.51
140.40
140.20
140.10
140.04
140.19
140.37
140.58
140.97
141.41
142.02
142.39
143.01
143.60
144.27
144.92
145.64
146.46
147.23
148.16
148.94
149.72
150.54
151.59
152.66
153.67
154.74
155.82
156.82
157.92
158.99
160.02
161.14
162.14
163.32
164.25
165.05
165.58
166.16
166.47
166.58
166.71
166.75
166.76
166.80
166.71
166.60
166.39
166.22
165.93
165.56
165.23
164.82
164.42
164.12
163.62
163.29
162.90
162.50
162.20
161.76
161.39
161.00