124.00
124.00
124.00
124.00
124.12
124.12
124.27
124.36
124.47
124.58
124.75
124.92
124.98
125.14
125.16
125.28
125.40
125.36
125.44
125.39
125.38
125.43
125.42
125.56
125.58
125.68
125.82
126.01
126.10
126.16
126.32
126.40
126.48
126.59
126.67
126.64
126.69
126.73
126.83
126.87
126.96
126.93
126.87
127.00
127.07
127.06
126.69
126.73
126.74
126.78
126.75
126.70
126.67
126.62
126.73
126.74
126.68
126.57
126.64
126.56
126.61
126.77
126.78
126.79
126.89
127.02
127.05
127.05
127.17
127.16
127.25
127.28
127.36
127.35
127.25
127.24
127.32
127.35
127.30
127.39
127.28
127.21
127.27
127.35
127.31
127.30
127.32
127.34
127.43
127.32
127.22
127.15
127.11
127.20
127.19
127.16
127.09
127.09
127.05
127.08
127.14
127.23
127.29
127.28
127.21
127.17
127.29
127.40
127.49
127.47
127.52
127.63
127.55
127.43
127.42
127.47
127.36
127.41
127.52
127.48
127.81
128.12
128.46
128.83
129.02
129.39
129.69
129.86
130.11
130.27
130.44
130.62
130.69
130.86
131.05
131.21
131.26
131.44
131.61
131.72
131.82
131.83
131.80
131.93
131.97
132.09
132.18
132.12
132.14
132.17
132.32
132.31
132.30
132.35
132.37
132.49
132.57
132.58
132.69
132.63
132.61
132.78
132.82
132.79
132.77
132.87
132.87
132.85
132.88
132.79
132.83
132.81
132.75
132.66
132.67
132.68
132.57
132.55
132.56
132.36
132.38
132.34
132.42
132.34
132.36
132.32
132.31
132.40
132.29
132.28
132.37
132.29
132.31
132.24
132.17
132.20
132.19
132.12
132.09
131.96
131.96
131.99
131.90
131.68
131.66
131.52
131.50
131.49
131.44
131.46
131.29
131.21
131.27
131.20
131.07
131.07
131.06
131.06
130.87
130.91
130.88
130.88
130.76
130.64
130.53
130.58
130.43
130.29
130.16
129.97
129.97
130.00
129.91
129.88
129.91
129.89
129.76
129.77
129.75
129.69
129.76
129.62
129.57
129.64
129.72
129.76
129.79
129.71
129.59
129.42
129.50
129.42
129.41
129.49
129.38
129.43
129.48
129.53
129.63
129.61
129.66
129.54
129.50
129.32
129.16
129.18
129.08
128.92
128.96
128.74
128.87
128.78
128.85
128.76
128.68
128.63
128.51
128.40
128.45
128.31
128.18
128.02
128.05
128.08
128.29
128.19
128.09
128.09
128.24
128.30
128.16
128.13
128.03
128.03
128.03
128.03
127.71
127.72
127.73
127.74
127.81
127.72
127.64
127.62
127.50
127.43
127.32
127.31
127.36
127.26
127.31
127.33
127.23
127.16
127.22
127.33
127.45
127.50
127.39
127.47
127.42
127.19
127.25
127.27
127.17
127.23
127.34
127.27
127.23
127.22
127.28
127.18
127.08
127.14
127.26
127.22
127.12
127.02
127.02
126.93
126.99
126.93
126.99
126.90
126.81
126.66
126.48
126.56
126.51
126.37
126.45
126.44
126.39
126.44
126.37
126.36
126.38
126.49
126.44
126.37
126.42
126.34
126.27
126.26
126.19
126.06
126.12
126.08
126.02
126.02
125.96
125.93
125.87
126.00
125.90
125.97
125.91
125.88
125.76
125.73
125.71
125.69
125.67
125.77
125.71
125.88
125.79
125.86
125.80
125.78
125.81
125.79
125.89
125.86
125.96
125.93
125.87
125.84
125.78
125.76
125.61
125.56
125.67
125.65
125.63
125.64
125.56
125.63
125.64
125.62
125.60
125.71
125.69
125.64
125.62
125.69
125.70
125.68
125.66
125.64
125.80
125.87
125.75
125.73
125.67
125.65
125.63
125.58
125.72
125.63
125.58
125.50
125.46
125.44
125.37
125.20
125.16
125.16
125.12
125.15
125.08
125.08
125.04
125.10
125.10
125.07
125.19
125.31
125.27
125.29
125.19
125.18
125.18
125.14
125.26
125.44
125.49
125.60
125.49
125.47
125.39
125.38
125.37
125.36
125.35
125.27
125.23
125.19
125.09
125.00
124.94
124.94
125.06
125.09
125.09
125.06
125.06
125.05
125.02
125.08
125.02
125.08
125.14
125.10
125.01
124.91
124.85
124.83
124.80
124.71
124.63
124.64
124.68
124.72
124.73
124.87
124.93
124.87
124.78
124.79
124.76
124.80
124.78
124.82
124.82
124.89
124.86
124.87
124.78
124.78
124.73
124.67
124.72
124.69
124.89
124.99
124.86
124.84
124.84
124.75
124.82
124.80
124.83
124.96
124.97
124.94
124.84
124.79
124.95
124.86
124.71
124.78
124.85
124.88
124.98
125.01
125.10
125.13
125.29
125.46
125.64
125.59
125.82
126.01
126.29
126.56
126.76
127.05
127.40
127.73
128.08
128.45
128.94
129.44
129.99
130.46
130.94
131.54
132.08
132.74
133.40
134.23
135.07
135.91
136.79
137.58
138.47
139.39
140.38
141.40
142.38
143.43
144.45
145.44
146.58
147.72
148.73
149.80
150.93
152.12
153.33
154.57
155.62
156.72
157.92
159.05
160.14
161.26
162.41
163.58
164.85
166.10
167.41
168.71
169.94
171.13
172.40
173.55
174.87
176.10
177.38
178.61
179.88
181.13
182.47
183.74
185.03
186.27
187.45
188.75
189.98
191.29
192.66
193.89
195.14
196.45
197.72
199.01
200.22
201.53
202.86
204.02
205.24
206.51
207.87
209.12
210.43
211.67
212.90
214.15
215.49
216.85
218.29
219.53
220.80
222.02
223.33
224.60
225.99
227.24
228.48
229.75
231.07
232.35
233.75
235.07
236.25
237.62
239.04
240.41
241.59
242.85
244.26
245.53
246.83
248.11
249.39
250.66
251.98
253.27
254.60
255.86
257.15
258.36
259.54
260.74
262.12
263.46
264.73
266.02
267.15
268.36
269.57
270.74
271.90
273.09
274.34
275.61
276.84
278.10
279.44
280.70
281.93
283.18
284.40
285.60
286.68
287.97
289.25
290.53
291.63
292.80
294.03
295.24
296.39
297.57
298.80
299.99
300.93
301.97
302.84
303.72
304.48
305.12
305.55
305.85
306.01
306.04
305.82
305.36
304.69
303.98
303.01
301.83
300.39
298.85
297.14
295.23
293.31
291.30
289.20
287.01
284.79
282.48
280.18
277.96
275.62
273.25
270.78
268.35
265.96
263.56
261.23
258.88
256.44
254.12
251.80
249.52
247.23
245.00
242.66
240.48
238.28
236.24
234.04
231.98
229.95
227.92
225.61
223.72
221.88
219.92
218.04
216.20
214.60
212.80
211.12
209.46
207.79
206.20
204.51
202.93
201.37
199.92
198.42
197.00
195.50
194.11
192.73
191.46
190.19
188.97
187.81
186.66
185.33
184.29
183.06
181.87
180.72
179.67
178.55
177.50
176.55
175.63
174.64
173.74
172.81
171.88
171.01
170.20
169.41
168.62
167.88
167.16
166.44
165.74
165.09
164.31
163.64
163.00
162.21
161.52
160.85
160.20
159.56
158.92
158.21
157.61
156.96
156.34
155.73
155.21
154.67
154.25
153.71
153.15
152.71
152.28
151.71
151.22
150.78
150.28
149.90
149.50
149.07
148.82
148.36
147.94
147.54
147.18
146.86
146.61
146.19
145.78
145.50
145.17
144.89
144.64
144.24
143.96
143.74
143.31
143.08
142.67
142.34
142.11
141.82
141.55
141.47
141.17
140.98
140.73
140.43
140.29
140.06
139.75
139.57
139.36
139.10
138.82
138.73
138.55
138.53
138.20
138.01
137.79
137.61
137.40
137.26
137.10
136.88
136.76
136.67
136.49
136.32
136.25
136.15
135.89
135.87
135.78
135.69
135.57
135.40
135.32
135.22
135.03
134.84
134.69
134.63
134.52
134.44
134.21
134.11
134.07
133.95
133.82
133.67
133.50
133.45
133.34
133.33
133.26
133.09
132.90
132.72
132.66
132.68
132.62
132.51
132.52
132.32
132.31
132.18
132.14
132.04
132.01
131.88
131.64
131.52
131.32
131.31
131.30
131.26
131.06
131.06
131.06
131.00
130.90
130.75
130.79
130.76
130.61
130.47
130.39
130.38
130.37
130.23
130.16
130.03
129.97
130.19
130.21
130.27
130.29
130.22
130.21
130.14
130.05
130.01
129.86
129.83
129.80
130.03
130.00
129.84
129.88
129.79
129.67
129.49
129.48
129.52
129.48
129.52
129.41
129.31
129.20
129.23
129.10
129.03
129.09
129.09
129.15
129.21
129.14
129.04
128.88
128.82
128.86
128.86
128.81
128.78
128.79
128.70
128.65
128.57
128.42
128.41
128.37
128.39
128.28
128.24
128.17
128.10
128.13
128.09
128.03
127.93
128.03
127.94
127.87
127.82
127.76
127.67
127.68
127.57
127.64
127.53
127.64
127.59
127.48
127.59
127.54
127.52
127.57
127.67
127.68
127.44
127.52
127.54
127.43
127.54
127.46
127.54
127.58
127.47
127.52
127.57
127.55
127.41
127.49
127.41
127.30
127.20
127.04
126.94
126.94
126.88
126.98
126.83
126.83
126.90
126.81
126.72
126.67
126.65
126.72
126.70
126.64
126.62
126.70
126.61
126.63
126.61
126.52
126.48
126.40
126.36
126.47
126.42
126.35
126.37
126.39
126.38
126.30
126.23
126.16
126.09
126.09
126.09
126.02
126.11
126.14
126.29
126.22
126.34
126.27
126.26
126.38
126.46
126.41
126.34
126.45
126.66
126.73
126.61
126.63
126.57
126.49
126.35
126.22
126.09
126.02
126.02
125.93
125.77
125.78
125.85
126.01
126.01
125.98
125.98
126.04
126.07
126.10
126.22
126.15
126.09
126.18
126.01
125.92
125.86
125.74
125.78
125.72
125.70
125.74
125.69
125.70
125.74
125.78
125.78
125.76
125.89
126.02
125.96
125.90
125.84
125.72
125.85
125.82
125.86
125.80
125.84
125.75
125.76
125.74
125.74
125.66
125.64
125.59
125.51
125.52
125.50
125.43
125.35
125.34
125.42
125.32
125.31
125.30
125.41
125.46
125.57
125.46
125.41
125.40
125.33
125.44
125.46
125.48
125.46
125.42
125.47
125.48
125.44
131.80
138.02
144.05
149.96
155.52
161.04
166.35
171.43
176.32
180.94
185.22
189.25
193.08
196.61
199.90
202.81
205.60
208.05
210.24
212.04
213.63
214.83
215.87
216.78
217.38
217.87
218.18
218.37
218.39
218.22
218.12
217.89
217.59
217.13
216.44
215.86
215.21
214.42
213.69
212.86
212.11
211.14
210.23
209.22
208.34
207.36
206.44
205.62
204.53
203.45
202.50
201.46
200.38
199.34
198.17
197.16
196.10
195.09
194.09
193.09
191.99
190.96
189.99
189.02
188.05
187.08
186.14
185.14
184.20
183.19
182.25
181.37
180.45
179.47
178.64
177.68
176.82
176.07
175.23
174.34
173.52
172.60
171.77
170.93
170.18
169.40
168.73
167.95
167.21
166.57
166.02
165.40
164.82
164.17
163.51
162.90
162.31
161.74
161.18
160.59
160.07
159.38
158.90
158.31
157.73
157.18
156.58
156.06
155.53
155.08
154.60
154.15
153.71
153.31
152.83
152.40
152.17
151.82
151.42
150.97
150.59
150.23
149.88
149.60
149.21
148.80
148.40
148.16
147.85
147.48
147.06
146.68
146.28
145.93
145.62
145.29
144.84
144.60
144.36
144.13
143.91
143.63
143.33
143.16
142.97
142.66
142.54
142.34
142.01
141.73
141.55
141.32
141.03
140.78
140.44
140.21
139.98
139.76
139.55
139.38
139.27
139.20
138.98
138.76
138.61
138.40
138.17
138.01
137.79
137.61
137.44
137.36
137.32
136.99
136.84
136.59
136.45
136.25
136.15
136.05
135.83
135.71
135.62
135.57
135.27
135.05
134.95
134.67
134.56
134.38
134.31
134.17
133.98
133.86
133.77
133.68
133.63
133.45
133.22
133.09
132.99
132.99
132.84
132.97
132.90
132.88
132.85
132.79
132.77
132.55
132.44
132.43
132.35
132.37
132.24
132.17
132.16
132.25
132.24
132.05
132.05
132.01
131.98
131.92
131.89
131.80
131.84
131.81
131.85
131.82
131.86
131.65
131.44
131.39
131.16
131.09
130.97
130.81
130.85
130.82
130.89
130.83
130.77
130.62
130.51
130.53
130.48
130.37
130.39
130.22
130.21
130.08
130.05
129.98
130.02
129.89
129.77
129.78
129.66
129.73
129.80
129.78
129.63
129.45
129.50
129.42
129.41
129.30
129.26
129.25
129.12
129.09
128.93
128.93
128.96
129.09
128.96
128.84
128.81
128.79
128.92
128.80
128.68
128.53
128.39
128.44
128.46
128.44
128.40
128.32
128.34
128.24
128.17
128.07
128.01
128.01
127.94
127.91
127.92
127.73
127.61
127.56
127.52
127.47
127.39
127.47
127.43
127.38
127.31
127.30
127.23
127.25
127.30
127.33
127.41
127.40
127.32
127.22
127.21
127.08
127.08
126.92
126.98
126.98
126.89
126.86
126.77
126.75
126.85
127.04
127.07
126.95
126.89
127.04
127.11
127.04
127.04
126.94
126.85
126.86
126.92
127.05
127.08
127.05
127.05
127.11
127.13
127.13
127.09
126.97
126.97
126.91
126.91
126.76
126.73
126.71
126.72
126.63
126.68
126.72
126.76
126.70
126.81
126.75
126.76
126.61
126.46
126.54
126.40
126.36
126.28
126.34
126.33
126.25
126.28
126.18
126.11
126.14
126.07
126.10
126.16
126.12
126.15
126.14
126.11
126.14
126.13
125.94
125.97
125.97
125.94
126.13
126.00
126.10
126.13
126.06
126.06
126.24
126.24
126.38
126.28
126.11
126.08
126.17
126.16
126.32
126.27
126.27
126.07
125.91
125.76
125.70
125.68
125.69
125.70
125.74
125.69
125.70
125.71
125.68
125.60
125.55
125.66
125.58
125.68
125.57
125.55
125.44
125.30
125.35
125.50
125.55
125.65
125.76
125.67
125.62
125.51
125.46
125.44
125.49
125.48
125.43
125.39
125.50
125.45
125.41
125.46
125.44
125.55
125.41
125.56
125.66
125.61
125.62
125.57
125.71
125.72
125.60
125.62
125.63
125.61
125.59
125.57
125.62
125.57
125.58
125.56
125.70
125.68
125.63
125.61
125.62
125.60
125.64
125.62
125.60
125.58
125.60
125.61
125.62
125.60
125.55
125.57
125.61
125.59
125.60
125.74
125.56
125.51
125.47
125.45
125.41
125.39
125.44
125.40
125.42
125.44
125.39
125.38
125.30
125.36
125.32
125.31
125.33
125.22
125.34
125.27
125.23
125.16
125.18
125.18
125.11
125.08
125.11
125.10
125.07
125.03
125.06
125.03
124.97
125.06
125.06
125.06
124.90
124.97
124.97
124.94
124.91
124.91
124.91
124.76
124.83
124.84
124.84
124.94
124.94
125.04
125.04
125.13
125.12
125.18
125.24
125.36
125.60
125.67
125.84
126.03
126.19
126.46
126.67
126.89
127.12
127.36
127.51
127.90
128.21
128.71
129.09
129.56
130.10
130.57
131.05
131.67
132.25
132.86
133.56
134.19
134.88
135.60
136.45
137.35
138.34
139.33
140.38
141.37
142.42
143.40
144.45
145.53
146.70
147.81
148.91
150.03
151.19
152.37
153.48
154.69
155.85
157.05
158.20
159.35
160.62
161.73
162.99
164.14
165.42
166.69
167.98
169.32
170.69
171.85
173.20
174.41
175.65
176.91
178.17
179.38
180.65
181.97
183.32
184.59
185.79
187.04
188.29
189.63
190.86
192.14
193.48
194.78
195.94
197.23
198.63
199.92
201.17
202.48
203.74
204.97
206.28
207.62
208.76
209.92
211.27
212.48
213.77
215.19
216.56
217.88
219.23
220.50
221.90
223.21
224.49
225.78
226.98
228.23
229.50
230.83
232.05
233.33
234.57
235.84
237.06
238.34
239.64
240.93
242.16
243.37
244.64
245.96
247.21
248.52
249.75
251.14
252.44
253.68
254.85
256.13
257.38
258.62
259.78
260.98
262.23
263.44
264.58
265.75
266.95
268.11
269.17
270.38
271.71
272.94
274.13
275.31
276.52
277.72
278.95
280.08
281.29
282.53
283.70
284.93
286.15
287.27
288.39
289.53
290.77
291.93
293.00
294.09
295.15
296.30
297.45
298.53
299.51
300.43
301.39
302.28
303.12
303.89
304.49
304.95
305.23
305.31
305.27
304.98
304.45
303.85
303.07
302.04
300.88
299.57
297.99
296.30
294.57
292.65
290.63
288.55
286.56
284.45
282.19
279.93
277.59
275.32
272.97
270.50
268.20
265.79
263.39
261.10
258.75
256.38
254.03
251.81
249.44
247.17
244.95
242.70
240.43
238.20
236.00
233.85
231.79
229.77
227.90
225.90
223.97
222.03
220.25
218.43
216.60
214.90
213.21
211.55
209.94
208.19
206.62
205.10
203.38
201.77
200.16
198.59
197.10
195.63
194.30
192.98
191.66
190.46
189.25
187.96
186.75
185.57
184.33
183.23
182.09
181.06
180.06
179.09
178.09
177.08
176.08
175.14
174.17
173.22
172.40
171.61
170.75
169.94
169.01
168.26
167.59
166.76
165.93
165.21
164.58
163.97
163.28
162.71
162.06
161.28
160.61
160.09
159.47
159.01
158.45
157.87
157.25
156.75
156.28
155.71
155.19
154.75
154.22
153.78
153.26
152.72
152.19
151.69
151.23
150.82
150.66
150.27
149.73
149.30
148.92
148.48
148.12
147.84
147.53
147.20
146.91
146.60
146.30
146.01
145.64
145.34
145.08
144.82
144.55
144.34
144.18
143.80
143.52
143.22
142.90
142.75
142.51
142.30
141.98
141.83
141.58
141.22
140.87
140.69
140.41
140.31
140.11
139.89
139.67
139.43
139.26
139.04
138.75
138.67
138.46
138.23
138.06
137.78
137.76
137.58
137.34
137.20
137.17
137.00
136.85
136.73
136.61
136.53
136.39
136.28
136.18
135.96
135.83
135.59
135.41
135.27
135.17
135.01
134.95
134.82
134.71
134.43
134.29
134.10
134.00
133.81
133.79
133.67
133.68
133.56
133.33
133.29
133.18
133.18
133.11
132.92
132.77
132.68
132.53
132.33
132.26
132.25
132.21
132.20
132.07
131.98
131.73
131.70
131.62
131.41
131.24
131.14
130.98
130.89
130.86
130.90
130.96
130.90
130.78
130.75
130.70
130.65
130.53
130.42
130.35
130.37
130.36
130.34
130.21
130.20
130.10
130.00
129.85
129.79
129.80
129.68
129.69
129.67
129.52
129.47
129.46
129.41
129.34
129.23
129.29
129.37
129.36
129.26
129.09
129.06
128.96
128.93
128.84
128.78
128.70
128.74
128.81
128.88
128.85
128.76
128.67
128.65
128.63
128.74
128.71
128.60
128.45
128.41
128.43
128.38
128.37
128.39
128.47
128.55
128.47
128.43
128.47
128.33
128.23
128.19
128.22
128.30
128.29
128.13
128.00
127.97
127.97
127.85
127.82
127.86
127.80
127.68
127.60
127.67
127.53
127.45
127.34
127.30
127.35
127.31
127.30
127.32
127.09
126.99
126.99
126.93
126.84
126.91
126.82
126.82
126.83
126.74
126.62
126.64
126.55
126.50
126.46
126.38
126.31
126.20
126.01
126.01
126.01
126.04
126.19
126.13
126.18
126.15
126.05
126.08
126.11
126.01
126.45
127.03
127.56
128.07
128.82
129.51
130.15
130.90
131.56
132.32
133.22
134.02
134.93
135.77
136.63
137.51
138.50
139.51
140.53
141.51
142.62
143.73
144.73
145.80
146.97
148.06
149.28
150.49
151.60
152.74
153.84
155.06
156.37
157.55
158.72
159.88
161.14
162.45
163.65
164.82
166.07
167.32
168.62
169.89
171.20
172.51
173.74
175.09
176.31
177.61
178.97
180.34
181.52
182.75
184.14
185.45
186.71
188.03
189.35
190.58
191.91
193.19
194.50
195.80
196.93
198.21
199.67
200.90
202.19
203.46
204.70
206.02
207.24
208.51
209.78
211.00
212.47
213.74
215.00
216.43
217.80
219.05
220.33
221.63
222.96
224.27
225.67
226.96
228.24
229.58
230.84
232.16
233.44
234.74
236.12
237.36
238.57
239.74
241.09
242.37
243.70
244.99
246.28
247.52
248.78
250.07
251.35
252.74
254.10
255.37
256.52
257.85
259.10
260.38
261.68
263.00
264.32
265.49
266.79
268.11
269.36
270.56
271.89
273.14
274.39
275.66
276.89
278.14
279.39
280.59
281.79
283.05
284.30
285.54
286.90
288.06
289.27
290.45
291.63
292.79
293.99
295.18
296.36
297.53
298.77
299.93
301.06
302.24
303.27
304.16
305.03
305.75
306.39
306.87
307.19
307.18
307.05
306.80
306.25
305.64
304.84
303.82
302.63
301.33
299.76
298.08
296.23
294.35
292.28
290.24
288.07
285.82
283.52
281.22
279.09
276.77
274.40
271.95
269.58
267.22
264.87
262.53
260.23
257.94
255.51
253.11
250.86
248.58
246.35
244.09
241.77
239.59
237.35
235.25
233.08
230.86
228.84
226.90
224.97
223.00
221.10
219.28
217.46
215.69
213.99
212.20
210.45
208.72
207.07
205.44
203.93
202.40
200.85
199.36
197.88
196.45
195.15
193.68
192.28
190.96
189.62
188.35
187.18
185.96
184.74
183.65
182.48
181.31
180.20
179.10
178.10
177.03
176.00
175.03
174.09
173.15
172.12
171.27
170.32
169.38
168.49
167.76
166.89
166.14
165.48
164.72
163.94
163.29
162.59
161.95
161.23
160.57
160.08
159.39
158.69
158.05
157.51
157.00
156.50
156.01
155.54
154.96
154.62
154.10
153.50
153.18
152.67
152.24
151.80
151.37
150.89
150.42
150.03
149.60
149.20
148.73
148.30
147.88
147.48
147.00
146.71
146.41
146.15
145.77
145.49
145.20
144.85
144.45
144.21
143.99
143.64
143.34
143.08
142.74
142.49
142.23
142.03
141.72
141.39
141.12
141.06
140.93
140.75
140.57
140.24
139.98
139.67
139.55
139.38
139.24
139.14
138.92
138.83
138.64
138.50
138.36
138.22
137.97
137.56
137.42
137.15
136.99
136.96
136.74
136.57
136.45
136.25
136.09
135.93
135.68
135.63
135.61
135.40
135.30
135.16
135.00
134.66
134.64
134.43
134.23
134.10
133.91
133.66
133.64
133.43
133.35
133.34
133.24
133.23
133.13
133.00
132.88
132.85
132.79
132.70
132.59
132.48
132.49
132.38
132.34
132.33
132.26
132.19
132.09
132.08
132.11
132.11
131.92
132.01
131.92
131.95
131.89
131.77
131.68
131.57
131.43
131.41
131.31
131.14
131.17
131.13
131.19
131.15
130.99
130.87
130.87
130.72
130.63
130.43
130.29
130.37
130.39
130.19
130.28
130.05
129.99
129.86
129.96
129.96
130.06
130.09
129.99
129.87
129.84
129.72
129.60
129.65
129.66
129.54
129.40
129.33
129.25
129.18
129.15
129.14
129.07
128.98
128.92
128.83
128.67
128.62
128.54
128.49
128.45
128.34
128.36
128.32
128.37
128.36
128.32
128.18
128.14
128.05
127.95
127.92
127.92
127.83
127.74
127.72
127.60
127.65
127.60
127.58
127.62
127.63
127.58
127.50
127.49
127.56
127.55
127.44
127.55
127.50
127.42
127.41
127.30
127.32
127.25
127.21
127.30
127.29
127.28
127.24
127.42
127.44
127.55
127.66
127.73
127.68
127.69
127.70
127.61
127.59
127.61
127.59
127.57
127.55
127.53
127.61
127.59
127.51
127.46
127.42
127.34
127.46
127.35
127.24
127.17
127.07
126.98
126.98
126.92
126.92
126.89
127.02
127.05
126.92
126.93
126.80
126.78
126.72
126.70
126.77
126.69
126.70
126.83
127.02
126.96
127.12
127.02
127.11
127.17
127.07
127.16
127.16
127.00
127.03
127.03
126.81
126.72
126.70
126.68
126.69
126.60
126.74
126.78
126.69
126.61
126.53
126.60
126.68
126.75
126.63
126.58
126.60
126.61
126.56
126.48
126.43
126.36
126.50
126.42
126.41
126.30
126.29
126.19
126.19
126.05
126.12
126.14
126.11
126.07
126.04
126.01
125.94
125.85
125.98
126.04
126.04
126.14
126.10
126.07
126.06
126.00
125.91
125.78
125.79
125.80
125.93
125.96
125.93
125.87
125.91
125.85
125.95
125.95
125.89
125.83
125.83
125.71
125.60
125.58
125.62
125.67
125.68
125.59
125.54
125.43
125.42
125.34
125.36
125.38
125.40
125.39
125.47
125.46
125.57
125.49
125.50
125.46
125.47
125.43
125.48
125.37
125.54
125.53
125.67
125.71
125.65
125.54
125.62
125.66
125.61
125.71
125.66
125.55
125.56
125.39
125.38
125.33
125.38
125.28
125.14
125.20
125.26
125.28
125.27
125.42
125.44
125.36
125.32
125.28
125.33
125.23
125.16
125.12
125.18
125.14
125.17
125.20
125.19
125.09
125.06
125.06
125.02
124.96
124.96
124.96
125.09
125.02
125.15
125.17
125.26
125.16
125.06
125.00
124.97
124.87
125.06
125.00
124.94
125.13
124.97
124.97
124.87
125.00
124.94
125.07
125.28
125.18
125.15
125.14
125.10
124.98
124.98
125.04
125.01
125.04
124.98
125.01
125.07
125.04
125.13
125.12
125.15
125.18
125.33
125.35
125.43
125.67
125.87
126.09
126.27
126.52
126.75
127.07
127.38
127.71
128.16
128.69
129.07
129.57
130.05
130.61
131.25
131.93
132.68
133.50
134.33
135.07
135.88
136.63
137.36
138.20
139.16
140.06
141.03
142.00
143.06
144.12
145.18
146.05
147.14
148.20
149.35
150.43
151.57
152.74
153.94
155.16
156.25
157.43
158.66
159.83
160.90
162.21
163.43
164.60
165.77
167.00
168.15
169.30
170.58
171.90
173.31
174.52
175.91
177.04
178.25
179.59
180.88
182.20
183.54
184.80
186.03
187.28
188.52
189.81
191.20
192.47
193.71
195.00
196.31
197.58
198.91
200.28
201.56
202.88
204.17
205.44
206.71
208.00
209.25
210.52
211.79
213.08
214.36
215.63
216.89
218.17
219.42
220.75
222.13
223.47
224.83
226.18
227.46
228.88
230.26
231.50
232.86
234.14
235.33
236.69
237.95
239.02
240.33
241.57
242.80
244.09
245.40
246.67
248.02
249.30
250.67
251.96
253.21
254.58
255.81
257.10
258.41
259.64
261.06
262.37
263.67
264.93
266.28
267.49
268.69
269.89
271.14
272.36
273.56
274.77
275.96
277.24
278.45
279.66
281.08
282.32
283.47
284.64
285.93
287.06
288.47
289.73
290.87
292.03
293.18
294.36
295.63
296.77
298.09
299.18
300.36
301.51
302.65
303.78
304.70
305.55
306.25
306.87
307.34
307.71
308.00
307.97
307.84
307.41
306.86
306.12
305.33
304.29
302.94
301.35
299.65
297.82
295.92
293.98
291.86
289.77
287.46
285.10
282.82
280.54
278.28
275.89
273.40
270.92
268.42
265.94
263.44
260.96
258.58
256.19
253.81
251.50
249.17
246.92
244.67
242.46
240.17
238.00
235.85
233.76
231.74
229.68
227.63
225.73
223.87
221.90
220.06
218.28
216.46
214.63
212.80
211.15
209.43
207.79
206.20
204.57
203.08
201.58
200.09
198.59
197.10
195.72
194.23
192.94
191.67
190.43
189.10
187.88
186.73
185.48
184.31
183.12
182.05
180.95
179.89
178.93
177.96
176.99
175.96
174.99
174.06
173.12
172.24
171.36
170.53
169.58
168.78
168.04
167.29
166.40
165.58
164.78
164.10
163.34
162.52
161.94
161.26
160.62
160.01
159.42
158.81
158.10
157.47
156.89
156.21
155.67
155.18
154.58
154.09
153.68
153.16
152.69
152.17
151.76
151.42
151.06
150.53
150.20
149.82
149.39
148.97
148.50
148.17
147.79
147.49
147.03
146.75
146.42
146.03
145.71
145.25
144.90
144.66
144.26
144.06
143.84
143.57
143.36
143.16
142.78
142.42
142.12
141.93
141.71
141.44
141.21
140.95
140.67
140.43
140.23
140.04
139.82
139.54
139.43
138.95
138.76
138.58
138.35
138.18
137.99
137.89
137.86
137.65
137.50
137.27
137.11
136.88
136.70
136.52
136.38
136.27
136.08
135.98
135.80
135.55
135.35
135.30
135.30
135.10
135.00
135.00
134.97
134.81
134.66
134.46
134.38
134.34
134.29
134.10
133.97
133.91
133.88
133.85
133.64
133.46
133.32
133.25
133.18
133.14
133.14
132.92
132.79
132.80
132.59
132.44
132.40
132.10
132.01
131.76
131.52
131.25
131.08
130.89
130.68
130.47
130.30
130.10
130.04
129.72
129.51
129.40
129.36
129.25
129.09
128.87
128.84
128.88
128.88
128.76
128.74
128.59
128.54
128.43
128.32
128.22
127.96
128.02
127.99
127.90
127.78
127.75
127.67
127.58
127.57
127.58
127.47
127.51
127.40
127.27
127.10
127.01
126.94
126.79
126.70
126.59
126.57
126.46
126.41
126.49
126.41
126.43
126.23
126.22
126.12
126.09
125.96
125.84
126.00
125.97
125.87
125.85
125.82
125.73
125.68
125.72
125.73
125.80
125.90
125.78
125.75
125.85
125.86
125.77
125.78
125.81
125.82
125.76
125.74
125.72
125.82
125.83
125.80
125.74
125.66
125.64
125.62
125.50
125.61
125.66
125.64
125.65
125.60
125.48
125.47
125.52
125.41
125.36
125.38
125.43
125.39
125.41
125.39
125.54
125.49
125.54
125.65
125.78
125.79
125.92
125.92
126.05
126.05
126.14
126.32
126.44
126.68
127.00
127.19
127.49
127.85
128.20
128.54
129.02
129.40
129.85
130.29
130.82
131.45
132.12
132.80
133.43
134.30
134.97
135.76
136.58
137.37
138.23
139.20
140.13
141.06
142.06
143.12
144.12
145.14
146.17
147.23
148.25
149.40
150.39
151.53
152.67
153.78
154.94
156.03
157.10
158.19
159.31
160.42
161.66
162.86
164.11
165.33
166.53
167.83
169.02
170.24
171.42
172.69
173.86
175.20
176.45
177.71
178.97
180.41
181.65
182.88
184.19
185.53
186.80
188.12
189.24
190.45
191.72
192.94
194.20
195.47
196.67
197.90
199.22
200.56
201.76
202.95
204.17
205.45
206.78
208.00
209.22
210.43
211.70
212.99
214.15
215.46
216.63
217.80
219.12
220.52
221.85
223.16
224.47
225.74
227.09
228.40
229.79
231.08
232.39
233.63
234.98
236.23
237.41
238.65
239.85
241.14
242.41
243.78
245.19
246.34
247.67
248.93
250.18
251.46
252.70
253.96
255.14
256.39
257.53
258.77
259.96
261.18
262.46
263.63
264.95
266.14
267.36
268.63
269.80
270.93
271.99
273.18
274.30
275.48
276.84
277.97
279.34
280.58
281.72
282.85
284.02
285.20
286.41
287.59
288.76
289.86
290.99
292.08
293.42
294.50
295.61
296.63
297.64
298.49
299.38
300.18
300.90
301.43
301.82
301.92
301.89
301.65
301.13
300.50
299.67
298.74
297.69
296.29
294.78
293.20
291.53
289.67
287.71
285.76
283.58
281.46
279.20
276.97
274.79
272.61
270.24
268.02
265.70
263.37
261.01
258.70
256.43
254.23
252.00
249.69
247.39
245.25
243.02
240.96
238.84
236.62
234.57
232.49
230.51
228.55
226.57
224.55
222.53
220.58
218.78
217.04
215.29
213.59
211.95
210.23
208.53
207.05
205.36
203.79
202.23
200.66
199.33
197.91
196.54
195.24
193.95
192.64
191.37
190.02
188.73
187.55
186.41
185.21
184.14
182.98
181.89
180.77
179.68
178.50
177.52
176.50
175.55
174.66
173.73
172.74
171.87
171.00
170.22
169.40
168.61
167.74
167.03
166.16
165.40
164.61
163.87
163.19
162.59
161.98
161.44
160.93
160.25
159.64
159.03
158.47
157.89
157.24
156.57
155.99
155.62
155.07
154.60
154.17
153.70
153.24
152.86
152.33
151.82
151.36
150.91
150.44
150.15
149.77
149.34
148.79
148.49
148.04
147.57
147.24
146.82
146.55
146.22
145.80
145.44
145.02
144.58
144.18
144.08
143.80
143.37
143.17
142.88
142.61
142.43
142.23
141.94
141.66
141.49
141.19
140.90
140.72
140.54
140.37
140.26
140.13
139.97
139.87
139.66
139.55
139.47
139.26
139.07
138.78
138.60
138.43
138.23
138.03
137.84
137.66
137.42
137.28
137.12
136.99
136.87
136.59
136.57
136.46
136.35
136.21
136.02
135.93
135.83
135.75
135.57
135.52
135.56
135.48
135.37
135.30
135.13
135.07
134.82
134.67
134.61
134.53
134.61
134.40
134.48
134.34
134.15
134.08
134.01
133.98
133.73
133.71
133.31
133.27
133.11
133.04
133.04
132.98
132.95
132.79
132.77
132.62
132.54
132.55
132.41
132.30
132.23
132.19
132.12
132.09
131.93
131.93
131.84
131.78
131.60
131.49
131.38
131.27
131.33
131.38
131.34
131.26
131.10
130.94
130.85
130.82
130.67
130.68
130.63
130.52
130.44
130.27
130.20
130.22
130.25
130.18
130.04
130.07
130.04
129.91
129.95
129.95
129.80
129.83
129.71
129.72
129.61
129.49
129.42
129.37
129.39
129.44
129.30
129.14
129.01
128.91
128.85
128.92
128.77
128.68
128.57
128.45
128.44
128.36
128.32
128.31
128.27
128.29
128.25
128.12
128.21
128.30
128.22
128.22
128.18
128.08
128.14
128.17
128.04
128.13
128.00
127.91
127.82
127.76
127.67
127.56
127.63
127.55
127.47
127.40
127.29
127.34
127.24
127.17
127.10
127.00
127.10
126.94
126.85
126.79
126.73
126.68
126.66
126.67
126.68
126.78
126.82
126.86
127.05
127.08
126.98
126.92
127.11
127.08
127.04
126.98
126.95
126.86
126.89
126.86
126.87
126.75
126.75
126.73
126.83
126.87
126.75
126.76
126.70
126.55
126.51
126.30
126.26
126.35
126.37
126.36
126.31
126.24
126.17
126.23
126.35
126.21
126.20
126.20
126.13
126.06
126.12
126.21
126.21
126.26
126.29
126.28
126.27
126.35
126.28
126.30
126.17
126.13
126.10
126.06
126.15
126.24
126.08
126.17
126.16
126.13
126.22
126.18
126.14
126.17
126.20
126.16
126.03
125.97
125.97
125.87
125.82
125.79
125.83
125.93
125.96
125.90
125.87
125.84
125.85
125.88
125.92
125.95
126.11
126.11
126.10
126.10
126.04
125.88
125.82
125.86
125.86
125.90
125.71
125.75
125.67
125.65
125.63
125.67
125.80
125.97
125.90
125.97
125.97
126.07
126.00
126.03
126.03
125.97
125.91
125.91
125.72
125.83
125.77
125.75
125.91
125.98
125.94
125.88
125.86
125.92
125.86
125.90
125.84
125.84
125.82
125.95
126.04
126.01
126.01
126.04
126.10
126.07
126.04
126.07
126.06
126.00
126.12
126.15
126.30
126.26
126.22
126.18
126.08
125.96
126.11
126.14
126.11
126.10
126.04
126.01
125.94
126.07
125.94
125.82
125.95
125.89
125.83
125.80
125.72
125.69
125.70
125.68
125.72
125.67
125.74
125.69
125.67
125.64
125.56
125.39
125.38
125.36
125.35
125.47
125.30
125.38
125.40
125.36
125.28
125.40
125.45
125.40
125.42
125.32
125.21
125.24
125.26
125.25
125.31
125.20
125.26
125.16
125.12
125.21
125.14
125.11
125.07
125.04
125.13
125.10
125.06
125.12
125.18
125.11
124.95
124.86
124.86
124.93
124.90
125.03
125.00
125.03
125.03
125.09
125.12
125.37
125.35
125.47
125.61
125.81
126.00
126.13
126.37
126.71
126.93
127.25
127.55
127.88
128.23
128.63
128.98
129.54
129.96
130.43
130.98
131.52
132.16
132.78
133.47
134.14
134.89
135.70
136.46
137.29
138.22
139.18
140.11
141.02
142.02
142.92
143.89
144.96
145.99
146.93
147.99
148.99
150.09
151.30
152.48
153.59
154.79
155.99
157.17
158.29
159.50
160.80
162.12
163.37
164.45
165.68
167.04
168.32
169.53
170.76
172.02
173.14
174.39
175.56
176.73
177.99
179.24
180.48
181.59
182.89
184.23
185.35
186.69
187.91
189.20
190.47
191.74
193.00
194.28
195.55
196.82
198.04
199.38
200.68
202.01
203.26
204.53
205.76
207.11
208.27
209.54
210.80
212.12
213.43
214.70
216.02
217.24
218.61
219.87
221.15
222.43
223.67
224.86
226.15
227.46
228.79
230.04
231.29
232.56
233.86
235.18
236.48
237.75
239.01
240.23
241.44
242.67
243.90
245.22
246.37
247.58
248.81
250.06
251.31
252.55
253.82
255.07
256.38
257.56
258.82
260.01
261.14
262.38
263.68
264.85
266.14
267.32
268.47
269.64
270.84
272.00
273.22
274.52
275.73
276.89
278.11
279.45
280.69
281.82
283.02
284.11
285.23
286.32
287.53
288.60
289.74
290.91
292.10
293.28
294.30
295.36
296.47
297.39
298.38
299.28
299.92
300.55
301.03
301.38
301.68
301.75
301.60
301.18
300.67
299.96
299.09
297.99
296.80
295.40
293.83
292.08
290.24
288.32
286.19
284.12
281.96
279.65
277.44
275.21
272.92
270.64
268.31
266.08
263.77
261.49
259.16
256.88
254.63
252.30
250.13
247.91
245.73
243.52
241.31
239.21
237.05
235.04
233.01
231.01
228.79
226.74
224.71
222.91
220.98
219.16
217.25
215.46
213.64
211.99
210.27
208.61
206.93
205.34
203.71
202.25
200.68
199.22
197.80
196.37
194.99
193.67
192.31
190.92
189.65
188.50
187.30
186.13
185.03
183.97
182.85
181.79
180.76
179.71
178.72
177.63
176.68
175.75
174.16
172.66
171.32
169.91
168.66
167.33
166.00
164.72
163.48
162.47
161.36
160.41
159.33
158.23
157.22
156.22
155.27
154.36
153.44
152.61
151.72
151.07
150.38
149.62
148.94
148.23
147.50
146.80
146.12
145.49
144.82
144.17
143.47
142.90
142.40
142.11
141.60
141.27
140.83
140.33
139.79
139.23
138.76
138.36
137.97
137.54
137.24
136.82
136.49
136.13
135.75
135.51
135.15
134.80
134.55
134.38
134.12
133.90
133.65
133.41
133.18
133.17
132.98
132.79
132.55
132.44
132.24
132.01
131.92
131.80
131.77
131.59
131.42
131.21
131.02
130.68
130.50
130.23
130.10
129.85
129.73
129.58
129.44
129.45
129.32
129.12
129.11
128.99
128.83
128.71
128.59
128.51
128.40
128.23
128.04
127.88
127.89
127.86
127.86
127.68
127.72
127.70
127.68
127.50
127.42
127.38
127.36
127.29
127.16
127.15
127.15
127.02
127.02
126.92
126.89
126.87
126.87
126.87
126.78
126.63
126.55
126.50
126.43
126.29
126.37
126.36
126.32
126.21
126.24
126.20
126.19
126.13
126.00
125.93
125.87
125.97
125.85
125.91
125.85
125.83
125.86
125.84
125.75
125.63
125.61
125.56
125.48
125.37
125.27
125.35
125.34
125.39
125.22
125.41
125.39
125.41
125.37
125.39
125.47
125.33
125.29
125.28
125.18
125.14
125.17
125.16
125.00
124.97
124.94
124.82
124.82
124.83
124.77
124.68
124.60
124.74
124.71
124.60
124.58
124.50
124.51
124.56
124.54
124.49
124.45
124.62
124.60
124.77
124.68
124.69
124.73
124.71
124.66
124.73
124.71
124.69
124.70
124.71
124.65
124.66
124.80
124.77
124.72
124.76
124.73
124.81
124.84
124.85
124.85
124.86
124.83
124.71
124.69
124.76
124.74
124.71
124.79
124.79
124.89
125.08
125.24
125.42
125.59
125.82
126.08
126.36
126.53
126.70
126.96
127.18
127.46
127.79
128.26
128.66
129.14
129.70
130.43
131.04
131.51
132.24
132.80
133.46
134.19
135.00
135.75
136.54
137.43
138.42
139.40
140.42
141.35
142.46
143.54
144.65
145.78
146.85
147.92
148.95
150.02
151.11
152.29
153.47
154.58
155.56
156.73
157.84
159.03
160.31
161.55
162.88
164.16
165.38
166.71
167.90
169.19
170.40
171.67
173.02
174.24
175.45
176.60
177.83
179.02
180.21
181.45
182.69
184.01
185.29
186.56
187.76
189.08
190.39
191.72
192.95
194.27
195.73
196.95
198.17
199.51
200.78
202.00
203.22
204.43
205.76
207.02
208.30
209.57
210.90
212.12
213.59
214.79
216.17
217.44
218.81
220.16
221.56
222.88
224.20
225.60
226.89
228.24
229.48
230.72
232.10
233.38
234.74
236.00
237.41
238.74
240.12
241.43
242.63
243.96
245.21
246.55
247.87
248.88
250.10
251.35
252.65
254.00
255.07
256.38
257.65
258.94
260.16
261.44
262.64
263.96
265.25
266.49
267.88
269.16
270.41
271.62
272.82
273.98
275.26
276.44
277.64
278.78
279.94
281.13
282.38
283.43
284.57
285.77
287.03
288.22
289.30
290.54
291.75
293.00
294.10
295.25
296.27
297.33
298.41
299.34
300.17
301.04
301.66
302.20
302.48
302.75
302.78
302.60
302.27
301.61
300.75
299.72
298.51
297.15
295.65
293.91
292.25
290.47
288.48
286.34
284.14
282.01
279.86
277.67
275.53
273.42
271.06
268.72
266.29
263.87
261.56
259.20
256.85
254.61
252.37
250.17
247.91
245.60
243.43
241.20
239.00
236.79
234.64
232.58
230.50
228.43
226.41
224.56
222.66
220.64
218.75
216.85
215.04
213.32
211.59
209.95
208.29
206.66
205.05
203.54
201.96
200.50
199.08
197.60
196.18
194.83
193.59
192.22
191.00
189.72
188.38
187.15
185.96
184.71
183.53
182.33
181.22
180.12
179.15
178.15
177.08
176.04
175.14
174.16
173.25
172.31
171.48
170.63
169.83
168.89
167.99
167.27
166.45
165.75
165.01
164.32
163.72
163.13
162.41
161.74
161.22
160.55
159.94
159.35
158.68
158.07
157.53
156.89
156.33
155.76
155.24
154.64
154.27
153.64
153.34
152.80
152.43
152.01
151.54
151.08
150.64
150.22
149.93
149.65
149.10
148.66
148.26
147.91
147.79
147.42
147.13
146.81
146.35
145.90
145.59
145.16
144.97
144.66
144.48
144.19
143.77
143.41
143.08
142.74
142.52
142.32
142.09
141.71
141.54
141.27
141.07
140.85
140.48
140.22
140.02
139.77
139.56
139.35
139.13
138.93
138.72
138.41
138.21
138.08
137.92
137.77
137.56
137.38
137.18
136.93
136.77
136.59
136.26
136.13
136.00
135.84
135.69
135.51
135.41
135.24
135.17
135.10
134.88
134.72
134.76
134.65
134.66
134.48
134.37
134.24
134.20
134.13
133.87
133.75
133.48
133.37
133.39
133.35
133.30
133.30
133.00
132.91
132.63
132.49
132.35
132.18
132.05
132.02
132.20
132.23
132.22
132.03
132.00
131.96
131.97
131.81
131.75
131.60
131.40
131.23
131.16
131.16
131.06
130.99
131.09
131.05
130.96
130.80
130.87
130.75
130.66
130.74
130.62
130.54
130.46
130.41
130.31
130.27
130.10
129.82
129.92
129.98
129.89
129.83
129.74
129.69
129.57
129.62
129.85
129.76
129.48
129.44
129.36
129.38
129.40
129.33
129.25
129.25
129.27
129.20
129.04
128.94
128.85
128.73
128.74
128.65
128.51
128.52
128.38
128.46
128.45
128.34
128.42
128.35
128.27
128.14
128.04
127.98
127.82
127.70
127.59
127.48
127.40
127.29
127.35
127.52
127.60
127.42
127.38
127.37

